nan nan
nan nan
nan nan
nan nan
nan nan
nan nan
4.415332009339558578e-02 nan
nan nan
3.129331917430792226e-02 4.610396809317917483e-03
nan nan
1.435873915602065704e-02 1.984456128644492088e-03
1.802549931122688145e-03 4.095877797326530692e-03
3.943736502799821513e-03 6.642079737302419374e-04
nan nan
nan nan
nan nan
nan nan
9.731501803061879188e-03 2.196480282197954461e-03
2.190281873257968193e-02 5.514103913311449272e-03
nan nan
3.121746353584123335e-02 2.379166988099766337e-03
1.990567254648059527e-03 5.343115304331853138e-02
nan nan
3.554611712294419162e-02 4.872961627135724734e-03
3.800702761804361333e-03 1.109434607170523349e-03
6.231203868400383983e-03 6.620482460230391140e-04
nan nan
5.004395290321477820e-03 4.892483831211520608e-04
nan nan
nan nan
1.401674384633482852e-02 1.004146461955922115e-03
9.603445161609387715e-03 9.720083125233832657e-04
nan nan
4.304404971759276735e-03 5.083066267598638794e-04
nan nan
1.512741343113973257e-02 1.754038560675953012e-03
1.433746942876263156e-02 2.010743757858000479e-03
nan nan
nan nan
nan nan
nan nan
1.578146258814445979e-02 nan
nan nan
nan nan
nan nan
1.027321260157876889e-03 2.209996396947577421e-02
nan nan
nan nan
2.928283095548121773e-02 3.903472660952119269e-03
nan nan
1.667110522785095195e-02 2.787634686249486696e-03
nan nan
nan nan
nan nan
nan nan
nan nan
nan nan
6.098918096548006790e-02 3.069176780052584874e-02
2.131635064730476835e-03 nan
nan nan
7.477440432551737959e-02 1.042342960748728412e-02
4.828430729180606396e-02 2.277984851883051165e-02
2.321728807704229181e-02 2.939009573575120382e-01
nan nan
4.025719543616299023e-02 8.149182965044013058e-03
nan nan
nan nan
2.186118454493318763e-02 1.824470084277205134e-03
1.901626621479403367e-02 2.627421779273515952e-03
2.046724438248798475e-02 nan
3.027804471654861260e-03 1.975827986304139368e-04
nan nan
3.125733964519528812e-02 4.295588900995247518e-03
1.532371099256935043e-02 1.472023895771383106e-03
nan nan
7.964917245537784726e-03 1.088476997742230095e-03
4.733703352515496524e-03 2.050815561015514096e-03
2.911915542529739526e-02 2.385805805537971787e-03
5.628125765428267091e-03 nan
nan nan
7.919734485789745992e-04 4.516058302752982978e-02
1.886081581281691399e-02 1.615712138472874190e-02
1.786851987964347202e-02 4.455479772101213730e-03
nan nan
nan nan
nan nan
nan nan
nan nan
1.640511525755607852e-02 2.533412412851421963e-03
1.710408765466223807e-02 2.137362595470466628e-03
nan nan
nan nan
nan nan
2.703150793697991008e-02 3.403380377646133235e-03
4.103347628147076265e-02 9.269206134287799950e-03
nan nan
nan nan
nan nan
nan nan
nan nan
nan nan
4.959916931086078007e-02 1.462437719781473078e-02
nan nan
2.746750928858662094e-02 3.441105069273070645e-03
nan nan
4.101935551840196065e-02 3.903050122855414132e-03
9.319030776233745098e-04 4.350241740656547729e-02
3.450519148175362066e-02 4.096151679667963535e-03
1.295996011357860504e-04 2.920058188041959824e+01
1.908651242764719926e-03 1.740364084709532027e-03
3.786763292259209129e-02 nan
nan nan
nan nan
nan nan
nan nan
nan nan
7.780265709108111390e-03 nan
nan nan
nan nan
nan nan
nan nan
4.520046350845953465e-02 3.372797470024892913e-02
nan nan
4.524052838287767955e-03 6.013254312031388353e-04
nan nan
nan nan
4.095289816259559297e-03 1.285529273363360259e-03
1.705244473083231474e-02 2.841953947229000892e-03
nan nan
nan nan
4.196820504230263857e-03 1.223040960573854290e-03
nan nan
nan nan
nan nan
nan nan
1.620239429807557308e-02 2.481358184378721493e-02
1.002996184489510223e-02 9.017365125990829591e-04
nan nan
nan nan
nan nan
1.652371108386294779e-02 2.106466645048200165e-03
nan nan
3.487552979543710567e-03 2.968790903010819215e-02
3.015430012356334205e-03 3.502870825898626774e-03
nan nan
1.584691965089244899e-03 nan
nan nan
6.266422050481733341e-02 7.143353255176372943e-03
9.463567132419924838e-03 1.232284913468620346e-03
1.504877789583441289e-02 2.675466889041753452e-03
nan nan
2.918456996046942670e-02 4.790694746276769403e-03
1.584886496807897316e-03 4.949920214690913499e-03
nan nan
1.868319641065071049e-03 1.819161242253834526e-03
8.383228561942283885e-03 8.632556872073149368e-03
3.602006056275162266e-02 3.140419804266791817e-03
2.407946325212557276e-02 2.740878000075285675e-03
nan nan
nan nan
4.166721047675334133e-02 5.409781649422264888e-03
nan nan
1.810030824118418272e-03 5.753882754643955709e-04
5.260252636028256434e-02 6.370053724500666578e-03
1.606027896067973790e-02 1.195745688041578150e-03
nan nan
nan nan
1.557039501233143525e-02 4.347693113284542034e-03
2.655983334586414779e-02 2.434281935996645586e-03
4.381164988953822892e-02 4.982569953012440725e-03
nan nan
nan nan
3.101857900217473013e-02 5.279581367917005226e-03
nan nan
1.239579074896896395e-03 nan
nan nan
4.781914886938246761e-02 4.831717402769137616e-03
nan nan
1.856064248543074294e-02 1.232673320062843084e-03
7.741184867341191836e-03 4.128423267312168591e-04
nan nan
nan nan
7.119216304705792975e-03 1.448595915053053950e-03
1.981959601527318125e-03 nan
6.196022953012969570e-02 9.482831900525099528e-03
3.067529734805891917e-02 4.107296381895437012e-03
3.346418340841147282e-02 2.877606230189215780e-03
nan nan
nan nan
3.996109489980473328e-02 3.550407973751545758e-03
nan nan
nan nan
4.108100191979379388e-03 1.643406070942251065e-02
nan nan
nan nan
nan nan
2.626620904036029019e-02 2.313978604479119058e-03
nan nan
nan nan
1.670511048583115180e-02 1.583997320958740887e-03
2.383732380056961114e-02 3.956675144637024355e-03
7.145732115954522151e-03 6.708144375494245809e-04
6.974160476330914030e-03 6.004169403587836717e-04
2.938599713862866461e-03 2.947987125499681831e-03
nan nan
1.873697212989777067e-02 1.221138209846968359e-01
8.073189546721445606e-03 nan
2.377294387526083727e-02 6.368771280039492097e-03
nan nan
nan nan
nan nan
1.806612752589231014e-02 1.944800031821300587e-03
nan nan
nan nan
8.213468434875358104e-02 7.862662543650451863e-02
nan nan
3.862471162311994707e-03 9.616535441160133438e-04
nan nan
nan nan
2.916038468929066374e-02 2.590164680284880779e-03
2.270153672863910871e-02 8.638042437798353068e-02
nan nan
2.322419566384693879e-02 2.505666737144445454e-03
1.152063443806711565e-02 8.677158347825933774e-03
2.180031672865434533e-02 1.688728006428778100e-03
nan nan
3.003440331951887088e-02 3.534348592430886990e-03
nan nan
nan nan
1.882513645941735064e-02 3.477522793379087072e-03
4.999707787630566606e-03 5.804742393985523998e-04
2.135554455082365900e-03 4.745637345315962922e-03
nan nan
nan nan
2.376981054872989718e-02 2.334390979206187478e-03
4.801257005321441645e-02 6.398026109409016803e-03
4.787056056800153420e-02 4.843457071031704621e-03
2.067124380954388566e-02 2.327374210117322956e-03
nan nan
2.973859775952810564e-02 2.296040363632455370e-03
nan nan
nan nan
nan nan
6.519819192479242229e-03 1.982321890800659361e-02
1.277649812345209301e-02 9.821456664863145117e-04
nan nan
2.598241961770551486e-03 nan
2.408005308671194028e-03 7.097759657246974219e-04
1.038180398446487051e-03 1.112111691781115033e-02
nan nan
3.830734179800619060e-02 5.341831224569891338e-03
2.311982732480088315e-02 1.494990389234510109e-01
nan nan
7.291024405282156562e-02 8.025951080781686814e-03
nan nan
nan nan
nan nan
3.437369489221164809e-02 1.094209140395648733e-02
1.409565452712772254e-02 1.504339909890818876e-03
nan nan
nan nan
1.825467317540842294e-02 4.205767198224400448e-03
4.027294533580218043e-03 8.273321267067431468e-04
nan nan
3.102619961401176588e-03 5.549455821054926534e-04
3.098536086164670883e-02 6.004903719325437560e-03
6.964103794373607825e-02 1.039535350060335345e-02
nan nan
9.077440884706140800e-03 1.923040215349514082e-02
3.431912780760619508e-02 5.916706733555795843e-03
nan nan
nan nan
3.044279279908125579e-02 2.791527646417268048e-03
nan nan
nan nan
3.390619323346938732e-03 1.087573646181913632e-03
3.430559552605170516e-03 2.073121679837329045e-04
2.116992935734117107e-02 2.215323374650021021e-03
nan nan
1.521114082321893199e-02 1.570188267516763438e-03
3.623924388355866111e-02 4.782982701196863973e-01
nan nan
1.279942840795375396e-02 2.084260656079241388e-03
3.615450961121062512e-02 8.238278829637759454e-03
nan nan
nan nan
nan nan
nan nan
nan nan
2.572118948880181694e-02 1.451458949973878365e-01
1.120474965285874272e-02 1.125150506254227667e-03
6.131345480834335393e-02 9.161188561807901212e-03
nan nan
nan nan
nan nan
1.437973491944580587e-02 1.279121202356000480e-03
1.080187216349437831e-02 1.054929650013157688e-03
nan nan
nan nan
1.922289694372936175e-02 2.984809454431029858e-03
1.095285791685639450e-02 8.778810756347234798e-04
5.232254360435636270e-02 6.766286576639736657e-03
nan nan
7.335378205215429756e-03 8.690017713073687738e-04
3.242745021556226598e-02 8.361252059746438273e-03
nan nan
3.990449738584971040e-02 8.775722772382570785e-03
nan nan
6.662064786752920284e-03 nan
nan nan
nan nan
1.737658409053936814e-02 5.223841824843212731e-03
nan nan
3.478129444306038431e-02 9.038609291207588825e-03
3.053897896203779105e-02 3.793639770704440063e-03
nan nan
2.188015163247731057e-03 nan
3.240198481351666548e-03 1.261753164371891322e-03
1.542494486605986131e-03 4.936935739852279376e-02
3.274107090632248640e-02 1.970090770288153437e-03
nan nan
nan nan
nan nan
1.601772463675277865e-03 2.552606456259443740e-02
9.331802272874924198e-03 8.758461667640419016e-03
nan nan
2.686809952450692346e-02 2.772568683733852950e-03
nan nan
3.087606219276136515e-02 5.531035947979167505e-03
4.981109615133469393e-03 1.366766068733315425e-03
2.969715162216234744e-03 1.697239482465061518e-03
1.570931838787605062e-02 1.418087548168406667e-03
nan nan
nan nan
nan nan
3.120404908777315439e-02 3.564800932168213626e-03
8.161863433463638351e-03 nan
nan nan
nan nan
2.962487102019772944e-02 nan
3.886390720607869192e-02 3.853377234878923446e-03
3.744862728807808652e-03 9.186289972445954967e-04
6.743335349105982878e-04 5.894177428129938195e-02
nan nan
1.242500894209934599e-02 1.237016220571929281e-02
nan nan
4.673805591900781486e-02 4.408677223027442603e-03
4.128569362519971843e-03 8.798009484927574522e-03
nan nan
3.071617285265338185e-02 2.893932869590885512e-03
1.211515945482837323e-02 1.989385528228714874e-03
3.294085055760283634e-04 nan
nan nan
nan nan
nan nan
nan nan
nan nan
3.336378002066890669e-02 2.812876102966844864e-03
nan nan
nan nan
3.847763023952294886e-02 4.085036243729337282e-03
4.512926795264644159e-02 7.205186053567355121e-03
nan nan
9.137608587072572168e-04 3.505561416905394329e-02
nan nan
nan nan
nan nan
nan nan
nan nan
1.562476636180153838e-02 2.797790088680256800e-03
nan nan
3.932118232533313162e-02 5.926606025690906061e-03
nan nan
nan nan
nan nan
1.033361688655746319e-02 nan
1.865464055951342875e-02 2.399272163530669511e-03
nan nan
2.173252114010250542e-03 5.262569705466531474e-04
2.504475145186209339e-03 2.241610787846199521e-03
nan nan
3.712366568679688773e-03 6.112496611802623568e-04
nan nan
2.162802710059985329e-03 1.923794944223735509e-02
1.003841961244091863e-01 1.874524018094504696e-02
nan nan
nan nan
nan nan
nan nan
nan nan
1.548641047700084674e-03 7.560169190773720002e-03
nan nan
1.338990447066834479e-03 3.551768406600781802e-02
nan nan
nan nan
3.739894070466437057e-03 6.199243948566623367e-04
2.805469877607691918e-03 nan
nan nan
2.633563617469883780e-02 2.916075702613015689e-03
4.245676222997194632e-02 2.973127797946411958e-03
nan nan
nan nan
nan nan
nan nan
nan nan
2.975981511775691729e-02 2.595921526702243184e-03
3.340997711610279447e-02 3.410406848533436164e-03
nan nan
2.081159980845340846e-02 2.403872283752036664e-03
nan nan
nan nan
nan nan
nan nan
nan nan
2.929804146578562918e-02 4.032358154227573196e-03
2.938047068255928568e-02 1.733120951257512490e-02
nan nan
nan nan
2.204879075719362938e-02 1.378193467279967754e-03
3.346694409224745120e-02 4.272633917517092324e-03
nan nan
3.049936647083694927e-02 4.010574452423876397e-03
nan nan
3.497203286573259684e-02 3.003457290858942575e-03
2.146946511075776068e-02 4.679921369458529823e-03
3.099734697863650718e-02 9.463135262128847397e-03
2.820155651880505016e-02 5.330493085402831892e-03
3.636059733699236601e-02 4.716501200703591447e-03
nan nan
6.385059559160798396e-04 1.278608625102807539e-02
1.693555051987687132e-02 1.699166794928463333e-03
3.567199433689934029e-02 3.668231982119601019e-03
5.144990087106526139e-02 6.598921652928789808e-03
nan nan
2.304333826300924287e-02 2.112733413822432803e-03
6.373384302772602816e-02 8.376072569747686561e-03
1.827368352015572642e-02 4.982382622718718214e-03
nan nan
nan nan
1.365581660614665141e-02 3.065175512315380067e-03
3.276430439192876132e-02 3.672128950634464574e-03
nan nan
2.763729694149306276e-02 3.784120168718495963e-03
5.312810322596605954e-03 nan
nan nan
4.096302075769538142e-02 5.059881932594398855e-03
nan nan
6.885151918194703591e-04 1.133282535730484493e-02
nan nan
nan nan
1.395585714625471527e-02 5.495406706392019953e-03
nan nan
3.644618995994524518e-02 2.350708823890999659e-03
nan nan
nan nan
nan nan
nan nan
1.445193333073135043e-03 3.057886020264975898e-04
nan nan
nan nan
nan nan
4.836441958326650158e-03 4.253211695367661253e-04
2.969109325475281086e-02 4.228776532470372544e-03
5.700951136921974301e-04 8.553291028485149328e-03
1.114062474169475088e-04 1.624367341824663313e+01
3.438481005493023573e-02 1.002502166070957240e-02
nan nan
nan nan
nan nan
nan nan
nan nan
nan nan
1.029148599087048067e-02 nan
4.655530672994390856e-03 6.981852708181873583e-04
1.793985785210673502e-03 9.034297975031820634e-04
2.589849232100305612e-02 1.578347292299930697e-03
2.645639160298714210e-02 4.177980712266947221e-03
1.568225467463490660e-02 2.006328219878420523e-03
1.124216705372373115e-02 1.742833052951659389e-03
nan nan
1.194960221656432391e-02 1.640892718139571162e-03
3.388645015892702284e-02 3.587899232942223099e-03
nan nan
1.256513908777267402e-02 2.713525520415225288e-03
7.879782145275716909e-03 7.213773369658181382e-04
nan nan
nan nan
3.428554790374213623e-02 6.381658762516476298e-03
1.724751186285144663e-02 1.814333381451545702e-03
nan nan
1.275024786993618139e-02 8.960134780758655104e-02
1.179920888144025959e-02 1.748408416418063566e-03
4.483527488146657469e-02 nan
nan nan
nan nan
5.240972046027366632e-02 6.772490706835722699e-03
nan nan
1.060081432674044900e-02 4.961321866177225738e-03
2.016374479947171533e-02 1.904144831306349038e-03
1.372784655025950651e-02 6.509288801525436527e-03
2.421584166771494073e-02 1.983491095726475778e-03
nan nan
nan nan
nan nan
nan nan
nan nan
1.415948545480176859e-02 9.404561238843932997e-04
1.352615706044579293e-02 8.864917987787050658e-04
nan nan
nan nan
1.829919473151072739e-03 1.095479544067741711e-03
2.500633794756529360e-02 2.971145361231617658e-03
nan nan
6.724574420107817113e-03 1.435081110009506222e-03
nan nan
5.560979493767858814e-03 8.798948576156509016e-04
nan nan
2.246031671666966906e-02 4.038528876974327789e-03
nan nan
nan nan
nan nan
1.230114561724820121e-03 2.692208922076073235e-03
2.040957364316815445e-02 2.150219290605709724e-03
2.086636746846613419e-03 1.662032941841468233e-03
2.057407471477153572e-03 1.673757131933332641e-03
3.478381183908330759e-02 3.305729943397435130e-03
nan nan
4.319037906445526154e-02 4.399871843458284630e-03
nan nan
nan nan
1.496507941631511351e-02 1.670468275948691454e-03
nan nan
1.387960621214360396e-02 1.263584842728707452e-03
3.312649283165754882e-02 5.401185276826635587e-03
nan nan
1.827346626456624601e-02 2.558741433120323254e-03
nan nan
nan nan
3.470407923429387476e-02 5.416105784496393072e-02
nan nan
nan nan
nan nan
2.794525292945087766e-02 3.780495160073941551e-03
nan nan
2.502518300666638565e-02 5.141661370243123114e-03
1.077838538899603994e-03 1.666473508787698343e-02
7.691063863053372411e-03 5.971256005706822691e-04
nan nan
nan nan
nan nan
nan nan
nan nan
nan nan
nan nan
nan nan
3.285887965643283226e-02 2.397398201943753623e-03
nan nan
7.055193795062586481e-03 1.608967919153282775e-03
nan nan
nan nan
nan nan
nan nan
1.265999260456020584e-02 nan
2.247480336957372732e-02 1.891001895455361346e-03
nan nan
nan nan
nan nan
nan nan
4.448698280456246656e-02 5.258274494748333729e-03
nan nan
1.676736576340735058e-02 9.813286843521782862e-04
nan nan
2.566666295930483330e-02 3.601007155142654185e-03
4.719396308496506820e-02 5.264266697531386034e-03
nan nan
nan nan
nan nan
nan nan
2.883487758795489665e-03 5.608541964422787381e-04
nan nan
nan nan
1.970358751918373230e-02 3.882083933008870832e-03
3.546751272362165530e-02 nan
nan nan
9.019145155247513743e-03 6.232485601297667538e-04
1.662313536166037736e-04 1.956440313377398752e+02
2.048125900568203983e-02 6.158367382767228164e-03
nan nan
9.616729759955411350e-02 5.159403816433819068e-02
6.534821205584846748e-02 7.409910691533780347e-03
6.231602176546698069e-02 7.931056170924421014e-03
nan nan
4.127547492120726969e-02 5.726374015272858720e-03
2.606881556241570641e-02 nan
nan nan
nan nan
5.609216634635554380e-03 6.893811145373173258e-04
2.246859854351096475e-02 1.031824222103362807e-03
2.303815164063331786e-03 2.446268777001098151e-03
5.953668330120262791e-04 1.906814434295603655e-01
nan nan
3.195225008134307959e-02 5.676429248209245888e-03
3.211248453489245168e-03 1.200494979454630982e-03
1.398154854638925144e-03 2.540269178708886438e-02
2.652921110086408664e-03 1.990322252121424964e-03
3.813488263249403820e-02 3.394334556363097673e-03
nan nan
nan nan
5.037995067380691971e-02 9.060363368664722111e-03
2.541161894775159462e-03 1.449054695131848100e-03
4.512027692205918677e-02 8.097413832941314366e-03
6.070272219146435628e-04 1.396036604418828594e-03
3.383219057603670255e-02 4.843739895188203630e-03
1.015986862273594166e-02 1.437495809592658109e-03
4.060246577839037897e-03 3.127122162233471336e-02
nan nan
4.176857248969321340e-02 3.964672248974687903e-03
nan nan
nan nan
nan nan
4.114928763745454802e-04 8.423919423375580973e-01
1.587734541638912561e-02 2.045977961259008628e-03
3.188442143276032370e-02 4.180359139090410875e-03
nan nan
2.524004468515059219e-02 5.617421214675333112e-03
nan nan
nan nan
nan nan
nan nan
nan nan
nan nan
6.676641866724349061e-02 1.026439505741374991e-02
nan nan
1.017476372982567372e-03 1.842958246262521929e-02
nan nan
nan nan
nan nan
3.396020935086763864e-02 8.282846229213859657e-03
nan nan
nan nan
nan nan
nan nan
nan nan
4.497644075660395951e-02 5.514815033964160645e-03
nan nan
1.422669158416598953e-02 1.316748514408139963e-03
nan nan
nan nan
2.903885108061355150e-03 9.436284512918840291e-04
1.366134343149665552e-02 6.351060023914753376e-03
nan nan
4.029576676126712942e-02 4.357840038546967679e-03
3.245328272791878944e-03 3.860372867420470890e-04
nan nan
nan nan
nan nan
2.625757292194226197e-02 7.995951308581055947e-03
3.829732135944073461e-03 1.580728319794686906e-02
nan nan
nan nan
nan nan
nan nan
nan nan
9.807398469761538853e-03 nan
nan nan
nan nan
2.095876224518213732e-02 2.112378189070006004e-03
nan nan
nan nan
2.535781247255029097e-02 nan
2.148312788869045226e-02 2.551911116884184212e-03
4.372641410316504412e-02 4.676432859990468927e-03
nan nan
nan nan
nan nan
4.927734268531027556e-02 4.056328971560809772e-03
1.321769415551748809e-02 1.486623817578089932e-03
nan nan
nan nan
1.925055896722521493e-03 2.346516002444339315e-03
1.412905348123656094e-03 4.697247423791262380e-03
9.155771412512001819e-04 2.284312972919629731e-02
9.122023836918987608e-04 2.573034510826605753e-02
nan nan
nan nan
1.359297218981496413e-02 1.625526107798605513e-02
nan nan
2.289217296226976964e-02 2.212715289810133872e-03
2.260155846555100823e-02 2.974723688307032762e-03
7.464980770620206069e-03 4.842656527759517382e-03
1.088495624553975083e-01 1.302548095941272015e-02
1.947826689790488341e-02 4.208847833525272177e-03
9.060463155828327175e-03 nan
nan nan
nan nan
nan nan
nan nan
nan nan
9.532650952703888153e-03 1.097313092336983480e-03
2.516641655368699951e-02 1.402010917454920820e-03
1.556538922219355674e-03 4.058380247422232329e-03
nan nan
nan nan
3.634168442807159116e-02 2.516078412380311040e-03
8.530355216519024814e-03 1.324520835378661249e-03
2.973079877148594383e-02 5.643114678977818703e-03
4.512974015915001413e-02 4.676003112179254358e-03
2.438648397581473851e-02 3.484925677847164945e-03
nan nan
3.428707082498883008e-02 nan
nan nan
nan nan
3.457213213928940487e-02 2.653870219954385015e-03
9.191776032594089346e-03 1.182819700374897502e-03
5.603722051488023437e-02 1.070143202935521475e-02
2.805679740472187544e-02 2.947189856126525374e-03
3.735202673909896603e-02 2.640946625205557816e-03
nan nan
nan nan
nan nan
4.344051406888714550e-02 nan
nan nan
4.872419664570140467e-03 6.299985479366562204e-04
nan nan
nan nan
nan nan
nan nan
nan nan
2.840464715926543753e-03 5.257906738896547371e-04
1.039383515266466707e-03 7.809067244752444271e-03
8.188645142905508212e-03 8.872748636097432503e-04
3.258417028761262380e-02 3.728784846501419052e-03
nan nan
2.543959107484991544e-02 4.126677467580756702e-03
1.082252121103929356e-02 5.660135976392258010e-03
3.872655457522915928e-02 2.820636804750463380e-03
2.971067442887783544e-02 2.834623003058194413e-03
2.573304459968302205e-02 2.829156102296942824e-03
4.107052362810988122e-02 1.579759942305551321e-02
nan nan
4.903943423958934122e-02 4.806313406235131896e-03
nan nan
2.500737701597053469e-02 9.120473337246507231e-03
nan nan
nan nan
2.610853894474872081e-02 2.971550751605057158e-03
2.671149261494191324e-02 2.893502703338581439e-03
nan nan
nan nan
3.339021129805279549e-03 2.233906494377884029e-03
2.638026226462643689e-02 3.621668163681761050e-03
nan nan
nan nan
nan nan
nan nan
nan nan
2.603256924982841683e-02 nan
5.267692447225571714e-03 5.158955797998778610e-04
nan nan
nan nan
nan nan
nan nan
nan nan
nan nan
nan nan
nan nan
5.068231128948819109e-02 9.325365379949971181e-03
3.845211507358339831e-02 1.151682657491289417e-02
nan nan
2.491027899019671032e-02 1.515381690103465798e-03
nan nan
5.410154012912651855e-02 7.281632125864473046e-03
4.102515152505262219e-02 7.949738977848572544e-03
5.496888214275077837e-03 nan
nan nan
nan nan
1.494315978720154453e-02 2.299362367006639596e-03
nan nan
1.821887496190655042e-02 1.984398210906751763e-03
1.649453189641836293e-02 nan
nan nan
2.388522739507188686e-02 4.201632921067783091e-03
nan nan
nan nan
nan nan
3.393776724060543898e-02 3.412083168905963217e-03
4.701204630929912325e-04 5.322260057876750938e-01
nan nan
1.797971240664433118e-02 2.701136143710909307e-03
nan nan
nan nan
2.959323129587460716e-02 2.652138067733590069e-03
nan nan
nan nan
1.907184507844524729e-02 2.701880355616450170e-03
2.512331146033999416e-02 5.368891410785904192e-03
3.210759884623809457e-02 2.654955171624371908e-03
nan nan
7.474788173630462010e-03 1.058052201887698263e-03
1.814484854443245213e-02 3.789112957208251326e-03
nan nan
nan nan
nan nan
nan nan
nan nan
3.586881333931739302e-02 1.757157909490294698e-02
nan nan
nan nan
nan nan
1.887436723946675499e-02 1.195384910244078969e-03
nan nan
nan nan
nan nan
1.771033389022143301e-02 1.983741099670777511e-03
6.083135709705343903e-03 nan
3.153148321485151756e-02 3.446351175113152119e-03
1.414947291955583573e-03 1.945335732475501206e-02
nan nan
nan nan
nan nan
3.412675730947946351e-02 5.903744676551588022e-03
2.539950438443464020e-02 3.136666337988278184e-03
7.864561087407490048e-03 4.518723154410908549e-02
5.221846943771502395e-03 9.906838097288677390e-04
1.711679056563859824e-02 4.267671530589609713e-02
nan nan
nan nan
8.158541547565213714e-03 6.388143911850085663e-03
1.887614432253572477e-02 3.107615457082284118e-03
1.801527606408419649e-02 1.099837526391009334e-03
nan nan
1.058274555139450358e-03 7.508258501692437886e-03
2.429144957819048822e-02 2.187676092079779942e-03
3.590294474745771985e-02 9.992924034362317062e-03
4.176839013508933454e-03 5.357554476972219148e-04
3.998984421668012879e-02 nan
1.737563817759667575e-02 1.329015432174479811e-03
nan nan
nan nan
2.997906177783159903e-02 2.254743372129894632e-03
1.985194741563011539e-02 1.355907121367097090e-03
nan nan
3.273079082906947546e-02 3.222630510251375206e-03
2.748867661075573079e-03 1.223008902754036537e-02
nan nan
1.015242325475291922e-04 2.208919857166857881e+01
5.501463217808404138e-02 9.503786610524591130e-03
nan nan
5.692851626728675368e-02 6.336907712649368640e-02
1.068066058376029338e-02 1.053903635269988221e-03
1.410247738364681352e-03 9.531270171439691977e-04
nan nan
nan nan
nan nan
nan nan
nan nan
6.460811574620476967e-04 1.156109736542895311e-01
9.143891558084871196e-03 7.492130235333934254e-04
nan nan
8.676173426157798851e-03 1.663209243168350384e-03
nan nan
3.848502106073040802e-02 4.399141689417289391e-03
nan nan
3.228975868975118672e-03 8.352108642809252456e-03
2.639274328766119410e-03 5.244026871254817146e-04
4.537396170058853595e-02 4.479821786355046333e-03
2.700142960917042978e-02 8.946436194134328723e-03
nan nan
1.236282705651060810e-03 1.058252779179748478e-02
1.117918497212126890e-02 3.386475617697704693e-02
5.393321875457270098e-02 7.683007752235982216e-03
nan nan
4.966595268962317733e-02 nan
3.905125812445441741e-02 1.039038083126940515e-02
5.185719490804985288e-02 3.541091009641697280e-03
3.427117639056405374e-02 2.146487886357025844e-03
2.363608599688142228e-02 1.676372491150043571e-03
nan nan
2.865630308803477667e-03 1.696147501953734066e-03
6.847120783615573414e-02 2.136099530217073009e-02
4.189809692169883110e-02 9.441531998022343122e-03
2.035582392671052634e-02 1.617279168918175133e-03
3.186272360536300530e-02 2.692224812515439051e-03
nan nan
3.097640834639340743e-03 1.005510590402682080e-03
2.334026523690687846e-02 1.919466913158678978e-03
nan nan
2.986238791838343593e-02 2.174608589544101220e-03
nan nan
4.351409638710444436e-03 5.689412846498654187e-04
nan nan
3.349307750525171157e-02 3.213815276811188195e-03
2.215864706757905700e-02 2.645952745105947020e-03
8.346636215290265809e-03 nan
2.494437591432085988e-02 3.370588318534839447e-03
4.851103067566880749e-03 6.525671985679078321e-04
3.923336585422025668e-04 nan
nan nan
nan nan
6.684307549045535174e-03 7.267694448063705820e-03
nan nan
8.508522420584264598e-03 4.275246667249676426e-03
1.470287529077030780e-02 3.738863358544738426e-03
1.804281780036612326e-02 3.205940196266989645e-03
1.787105063896638184e-03 9.683948665236356834e-03
1.341209710078335171e-02 1.344291092388000958e-03
1.363371871512403417e-02 2.055842090226229699e-03
2.899077810597452780e-03 nan
nan nan
1.728559953257004927e-02 1.382093078252092560e-03
3.379042463770356303e-02 3.879639226535772176e-03
nan nan
2.130878301109592342e-04 nan
3.972338469437463465e-02 7.506729062060661477e-03
1.270031597046851219e-04 1.205147973341228607e+01
4.775472097496060928e-03 3.240526236208522443e-04
nan nan
nan nan
nan nan
2.056411591027008934e-02 2.099878149544022899e-03
nan nan
nan nan
3.587920123684074092e-02 2.216846545232078851e-03
nan nan
nan nan
1.148582815572021798e-02 1.452328294497441967e-03
1.331105463980665135e-02 1.343305604779325294e-03
nan nan
2.861550816383757675e-02 2.353798677490769910e-03
3.334515864960514026e-02 2.466548934775962629e-03
nan nan
2.862533462348433241e-02 2.263123073819347034e-03
4.415839758458743602e-02 4.169749430553708509e-03
4.049738749581382330e-02 nan
1.370419507537866573e-02 1.925983520073841883e-03
1.093611750446472908e-02 1.811792794651947329e-03
1.544120305367501639e-02 4.844570139593219055e-02
2.728766188293826195e-02 2.772244712192498215e-03
nan nan
nan nan
2.362157008117734495e-03 4.765798360597584687e-03
1.765009342976207873e-02 9.729169583667318872e-04
nan nan
6.982846789808385378e-04 5.461981192035415822e-02
8.944527544090898064e-03 1.295277277797603774e-03
nan nan
3.778800330798500612e-02 9.836066216617284086e-03
2.645265850983795353e-02 2.337243078363003719e-03
nan nan
1.189556756182565123e-02 1.469486167000240776e-03
6.300538765768280702e-02 8.995579229662166096e-03
nan nan
nan nan
nan nan
nan nan
nan nan
nan nan
nan nan
2.748574072214263198e-02 2.642024295552426478e-03
nan nan
3.155675039299949726e-03 nan
nan nan
nan nan
3.567889610686025836e-02 3.651486333694155435e-03
nan nan
nan nan
4.177148220511510412e-02 3.308268137220534040e-03
nan nan
8.548695682336798427e-03 6.005367989657497182e-04
nan nan
nan nan
7.119994693553286132e-03 7.849547127603812404e-04
nan nan
2.842938010842230995e-02 2.607792187882269040e-03
3.205659826583991123e-02 2.035552485408380959e-03
8.741102621994491229e-03 1.957866255796839386e-03
3.051487403198108184e-02 4.041424345654544975e-03
nan nan
3.509035105021331147e-02 3.519252532272790224e-02
2.097423943012190206e-02 3.986476474344512536e-03
nan nan
3.698838217855604515e-03 nan
nan nan
2.156636089985158183e-02 1.919460886467810401e-03
nan nan
nan nan
nan nan
1.424943173897195471e-02 1.598340020865328739e-03
1.424229587230543652e-02 1.048013785987358731e-03
2.586663266270208816e-02 2.633656649564473668e-03
3.288757362435266313e-02 2.363516590187852550e-03
2.593626917366390755e-02 2.679024641183082658e-03
1.342637009380709141e-03 8.012220784139620008e-03
7.335270979496108859e-03 2.749016969426350786e-03
2.321978455946328151e-02 4.120639621954107733e-03
5.163893665679670369e-02 5.502489245987981885e-03
2.118857693031588052e-02 2.159089211861816605e-03
1.604195507596721526e-02 1.693787595240731428e-02
nan nan
1.697344892416422640e-02 nan
nan nan
2.490623070746573672e-02 1.854135375665661584e-03
nan nan
nan nan
3.588324329504283261e-02 3.297634253146961535e-03
nan nan
4.353043118542557904e-02 1.516167876424534371e-02
1.273979603420783910e-02 1.617491427863559234e-03
3.534414387343589540e-03 4.905713862018136473e-03
4.476158044821602899e-02 8.932259389322233858e-03
6.406168848103659195e-04 7.340366278890399568e-03
nan nan
1.221813431233954861e-02 1.330596055012689578e-03
3.782426704926109690e-02 3.739420002827968138e-03
2.564684427696110880e-02 3.048771233882685387e-03
1.082314114774382373e-04 8.831442650105661585e+01
1.548276165761318900e-02 2.788742131200968796e-03
nan nan
nan nan
nan nan
1.576889753397271374e-03 3.607854192599420969e-03
nan nan
nan nan
1.349506193240183720e-02 1.283273705858286456e-03
nan nan
nan nan
nan nan
nan nan
2.914201276686797376e-02 1.928123121497576876e-03
2.124847931098700765e-02 5.222870245153631887e-03
6.981036452356055534e-04 nan
6.231836458555291324e-04 1.492761398306582943e-02
nan nan
2.856365980991356496e-02 2.525398492791652415e-03
1.030495081361590621e-03 nan
nan nan
1.363657663423068281e-02 1.041983800953460472e-03
3.908085324266822105e-03 1.230092569584047149e-03
1.976458600185210940e-02 2.656071616587005278e-03
nan nan
3.977066664580962765e-03 nan
nan nan
nan nan
nan nan
nan nan
4.176106964698637902e-02 4.860407588916625284e-03
2.422275587317917686e-02 4.136218090574106040e-03
2.340992615518580622e-02 5.722466967796495559e-03
nan nan
nan nan
nan nan
4.368087417098475561e-02 9.623135786692941368e-03
nan nan
nan nan
nan nan
1.849950915015033046e-02 1.364529255118886869e-02
1.641424243453728019e-02 1.530393977077798996e-03
nan nan
4.224430262442670225e-02 8.664422259589467726e-03
nan nan
nan nan
nan nan
nan nan
nan nan
nan nan
nan nan
2.847422606150222871e-02 1.321925476063048888e-02
8.738257062090044186e-03 9.261306826297275360e-04
2.258535279621931395e-03 nan
nan nan
nan nan
nan nan
3.553556355709203661e-03 5.151160550689522525e-04
2.731390498303962189e-02 2.461492298607965631e-03
2.794620042739332649e-02 2.992553233351877631e-02
1.257184426802726747e-02 9.004225427325549761e-04
nan nan
nan nan
9.338784991397897084e-03 1.011742556148214657e-03
3.052843911662862786e-03 nan
nan nan
nan nan
nan nan
1.751609084375149381e-02 nan
nan nan
1.806884892945272852e-02 1.381061020055142710e-03
nan nan
4.243685048770198462e-03 1.025228116138928759e-03
nan nan
3.732525698757257343e-02 2.699098718037937304e-03
nan nan
nan nan
6.391558522514100872e-03 4.150547085385250935e-04
3.084160679306106878e-02 2.611374333647786556e-03
1.924322484185012061e-02 2.054730992497868017e-03
2.724715920101843797e-02 1.266588982249380272e-03
6.725453256455502177e-04 1.211211633264421550e-01
2.721287302609841363e-02 2.861453305581954619e-03
nan nan
1.096268019345858838e-02 1.353846422752626698e-02
8.980223176525629902e-03 8.206826847808973381e-04
4.853120127046955945e-02 9.858607648268754783e-03
nan nan
nan nan
2.548330069389272839e-02 7.473978226543055194e-03
3.295679652729613385e-02 4.206799571962217821e-03
nan nan
nan nan
3.809929633594313914e-02 3.703325980233847150e-03
3.404592085524860839e-02 nan
nan nan
nan nan
2.675378248693677935e-02 4.286281539125092084e-03
2.357104552924421149e-03 4.526401604989315798e-03
7.200060821127693064e-03 6.812152332005643168e-04
nan nan
2.330284858952390986e-02 1.819123332318401060e-03
2.678138211192153048e-02 7.000861212093704294e-03
2.580504952663198459e-02 2.790602340154667554e-03
1.906396211934718865e-02 3.297982098680417654e-03
5.111995571916979307e-03 3.096331446883557196e-04
3.056663312790228876e-02 2.865311323044227379e-03
6.906942145335536257e-03 1.267847407496795536e-03
2.971505869907153236e-02 3.627233049903129478e-03
1.094816951613343178e-02 1.104865223813488589e-03
3.135954965124708275e-03 8.720669569900063459e-04
1.341900465705754553e-02 3.043356797641005428e-03
nan nan
nan nan
3.341936751839375691e-02 2.561979827067214013e-03
1.349411167014017907e-02 1.138431762774159972e-02
1.493853716438216239e-02 1.273441442884617808e-03
nan nan
nan nan
7.628493963436937947e-03 6.872610123253200098e-04
4.517375240251877977e-03 2.204797778031594973e-03
2.638073588364270305e-02 2.245527112479525026e-03
3.827623927936323750e-03 6.751953229756840064e-03
2.782567950413243445e-03 nan
3.610293775733554311e-03 9.507906107474126817e-03
5.939158200210353789e-02 1.372989205689582014e-02
nan nan
nan nan
3.859738016912146307e-03 4.252823890092546845e-04
nan nan
nan nan
nan nan
nan nan
1.574492320482022900e-03 nan
1.697634135051603183e-02 6.023305562445770145e-03
nan nan
3.426516895795345824e-02 3.622730222468609294e-03
nan nan
9.292690041579041577e-03 1.960023198860348734e-03
3.650047705679117932e-02 3.347009106860065249e-03
2.994301007360006261e-02 2.107717484475618314e-03
nan nan
nan nan
2.312936621958127607e-03 1.873441789680140501e-03
nan nan
nan nan
2.958443731424384784e-02 2.510402818296122822e-03
1.745502771465468452e-03 7.709032273937083297e-03
2.558718536719055414e-02 2.133076734448255060e-03
nan nan
nan nan
2.703013883566051517e-02 4.880419728708122046e-03
nan nan
6.101519646516995014e-03 1.206940420120537630e-03
2.330187532651255972e-02 4.935703253708107960e-03
1.555930930351996991e-02 3.124713814641799647e-03
7.256884311283845826e-03 1.073643236897886934e-03
1.033437306297695438e-02 4.206050584459945091e-03
nan nan
1.503934870524909493e-03 7.970137158553767739e-04
nan nan
1.447234410376732443e-02 1.952216739857726407e-03
nan nan
3.578492459034865458e-02 4.627703026708829097e-03
2.693879069913236723e-02 3.290855963745024405e-03
nan nan
nan nan
nan nan
4.438960810923445882e-02 3.676424469611662242e-03
nan nan
nan nan
1.524852001544834551e-02 1.618292172876177040e-03
nan nan
nan nan
1.102462916180021622e-03 1.129722296156539588e-02
nan nan
nan nan
nan nan
3.443160846732921249e-02 2.406392426817207265e-03
2.851138713565187777e-02 3.173071769045241949e-03
nan nan
4.157916451989355014e-03 2.450004066579674375e-04
1.552477295190991141e-04 1.033231576899524207e+01
nan nan
nan nan
1.313133971907099601e-02 4.109704750059724014e-03
2.774358371003761772e-02 2.444202873679571925e-02
7.231021506092692947e-04 9.667058664217948946e-03
nan nan
1.228657109802709646e-02 1.340891236249817974e-03
nan nan
nan nan
1.160644448479788288e-02 6.489736579977377351e-02
2.112412106593969038e-02 nan
1.914535332656334965e-02 1.464855561866600488e-03
nan nan
4.144459742650549033e-02 3.050991694911203526e-03
nan nan
4.705816487063262804e-02 5.588058788127971653e-03
3.227247656460185965e-02 1.123681701958699833e-02
nan nan
5.553197171182604891e-02 4.967112144165922345e-03
1.409319128970570531e-02 1.890923170508671501e-03
2.202193104299374551e-02 3.049553270999111158e-03
2.233449973305498895e-03 1.103168880497258815e-02
5.262592396543895774e-03 1.067662499765842246e-03
1.517474984051529058e-02 1.686636226018249510e-03
3.337415127958048150e-02 5.921442666968974693e-03
4.783315427391277019e-02 2.351523068643777969e-02
nan nan
nan nan
nan nan
1.605529549684207857e-02 9.288006872876680697e-02
4.216273221008665084e-02 1.240121395625145076e-02
nan nan
5.290101637927265878e-03 8.111343969254428479e-04
nan nan
2.079501795969879163e-02 1.146839638527959865e-03
2.258495102156330911e-02 3.069759099490184349e-03
9.711003339818440050e-03 1.046209242932457989e-03
7.341916679416837441e-03 6.899654077707044475e-02
2.198201935226709765e-03 1.055689368768150194e-03
2.049545869984269880e-02 nan
nan nan
nan nan
nan nan
1.832673447658652449e-02 2.739297146257781840e-03
nan nan
2.212523524983722387e-03 nan
nan nan
1.736695064930330115e-03 nan
nan nan
8.869212960741333510e-04 nan
9.678275398833375686e-04 1.387519499193030567e-02
nan nan
nan nan
nan nan
nan nan
nan nan
nan nan
3.674123457982246543e-02 3.353393818343325915e-03
2.107063674823795446e-02 nan
nan nan
9.062748936684798112e-03 3.156913893958356726e-02
nan nan
nan nan
nan nan
nan nan
nan nan
9.313158558651724039e-03 6.845219221353088680e-04
6.360531565753850015e-03 6.175141453617555070e-04
nan nan
2.485206790905508320e-02 2.102085163759826944e-03
nan nan
1.840633193585121050e-02 3.133844415967941728e-03
nan nan
nan nan
1.681144607281218019e-04 nan
1.553780599905372692e-02 2.241831604313453564e-03
3.028941291148923645e-02 2.548821394952420320e-03
nan nan
2.463196626525676267e-02 4.008581557852480999e-03
1.519205509498309722e-02 1.599469094993689628e-03
1.037790803557648439e-02 6.344820410445037480e-04
1.015319475649361508e-02 1.157897495094421586e-03
nan nan
2.944656026901314866e-02 7.880284495082849269e-03
nan nan
4.698909705994622210e-02 nan
nan nan
3.257134830685369520e-02 1.087712672274483011e-02
nan nan
3.260494354061291636e-03 3.418266113272537825e-04
9.322803235766091712e-03 7.879386967188729872e-04
3.708913195968033955e-02 2.596500297628701482e-03
4.645691464531959830e-02 9.338848039623143596e-03
1.134511068740324223e-02 1.664438389348642808e-03
nan nan
2.406737283604646477e-02 2.660424957565588663e-03
5.213560865982314399e-03 nan
nan nan
6.795724512800908022e-04 5.317798406626027263e-02
5.602462649825993429e-02 1.214966285082906723e-02
5.434152036020151524e-03 5.358930861544686100e-04
1.088601164104827053e-04 2.586776034105602662e+01
nan nan
3.362185369134058216e-02 1.270771727460392325e-02
3.649228684255979155e-02 5.655752760285844699e-03
nan nan
nan nan
nan nan
nan nan
5.453420954592032429e-04 4.274613735109306090e-01
nan nan
nan nan
nan nan
2.409661356460840453e-02 3.143833588735964017e-03
1.218914441200994597e-02 1.200623754575878182e-03
nan nan
nan nan
1.724014389298104619e-02 1.080332096024084337e-03
2.070235124213481645e-02 2.707089860799879923e-03
8.774251247819355587e-03 1.343363165190840803e-03
1.572936904677236722e-02 3.195436592820225484e-03
1.844223200234490836e-02 3.022036512040229307e-03
nan nan
nan nan
nan nan
2.434743268076735440e-02 2.522204640508708250e-03
2.681383411145351822e-02 2.733960862631008414e-03
4.940674473233111486e-02 7.199397223773554982e-03
4.022480723062084318e-03 2.547304846572456469e-03
nan nan
nan nan
2.561212947866890743e-02 2.147791866687566789e-03
nan nan
nan nan
nan nan
1.468815555968932401e-02 2.953347972517831287e-03
7.843073908268761302e-03 1.387760060408176586e-02
nan nan
5.059773496068372192e-03 3.790460094914460567e-04
nan nan
4.782462050887697352e-02 4.510553071915437626e-03
nan nan
nan nan
nan nan
2.896821724064439774e-02 2.621371392162249233e-03
nan nan
nan nan
3.505100149965044432e-02 2.765682721202342414e-03
nan nan
1.221545651258450964e-04 4.536840928281843617e+02
nan nan
1.216976732095046559e-02 1.291940867682042984e-02
nan nan
1.362050278094325065e-02 2.436310345785081682e-03
nan nan
1.166672913378424131e-02 1.148237878394687151e-03
1.708290583848548830e-02 1.157034634484636415e-03
nan nan
nan nan
nan nan
nan nan
nan nan
nan nan
nan nan
3.075589356671825855e-02 nan
5.809424673135313646e-03 5.220273550662712578e-03
1.124425040043982270e-02 nan
1.624517004533696657e-02 7.836331303116419534e-04
1.773491211092537156e-02 nan
nan nan
2.079910373742586711e-03 3.915454794525876909e-04
nan nan
3.839136593429483268e-02 5.814525471223310447e-03
8.492702900480894254e-03 1.507070019444963329e-03
nan nan
1.096589715970311060e-02 8.024413143145545102e-04
nan nan
nan nan
nan nan
nan nan
nan nan
8.637676146822460821e-03 nan
2.448186614921822254e-02 3.959984863937998124e-03
nan nan
9.508321892587798946e-03 1.163550100834627975e-02
nan nan
nan nan
1.898883309629868094e-02 4.509205625989779614e-03
3.765697792922697434e-02 5.559401855328090745e-03
nan nan
nan nan
nan nan
3.779104426195254579e-02 4.010308046935731965e-03
nan nan
nan nan
nan nan
nan nan
nan nan
3.580955813027301114e-03 1.856490645188934446e-02
7.628797240485078561e-03 4.511271980982441403e-04
6.987379589149052272e-02 1.018528970997682748e-02
nan nan
2.859581273920441466e-02 3.234831862876185946e-03
1.797156399161932514e-03 1.283665774889061924e-02
1.376516319102703671e-04 7.688503866697820968e+02
nan nan
6.339165335564660164e-03 5.083428543100383537e-04
1.251694152645198375e-03 1.981107409574676265e-02
2.095461166797174882e-02 2.946665941241382366e-03
2.720786786007844960e-03 1.003357119535412505e-02
nan nan
nan nan
1.348043797401034596e-02 8.738572319198492297e-04
3.012842132968770494e-03 nan
2.771496272419077603e-02 1.833552684589311683e-03
nan nan
8.270584032916465655e-03 9.179714171656302296e-04
nan nan
nan nan
6.844936775786890706e-03 nan
nan nan
nan nan
2.231349278887568080e-03 1.020223045577910376e-03
4.824689140131518950e-02 9.637477000707503696e-03
1.621033322124767421e-04 9.754714216036092012e+00
nan nan
3.313862333934553678e-02 2.632279109890142080e-03
9.556247364574534109e-03 2.524651241084779462e-03
nan nan
nan nan
3.716521266941510970e-02 5.275135307646242055e-03
1.449930253202144637e-02 1.141083903126280559e-03
nan nan
1.985794923635277043e-02 2.824980981430214380e-03
nan nan
1.919928699462321309e-02 6.462380725863510131e-03
2.846732283226822893e-03 nan
nan nan
nan nan
5.437759497294485447e-03 nan
3.155875671928005943e-02 3.315350401098050934e-03
1.897719538666843911e-02 3.444831647292859265e-03
2.787777552580626012e-02 2.061149543289121124e-03
nan nan
nan nan
1.449916216714895734e-02 nan
3.691352313893827425e-02 6.100250469648677357e-03
2.925135139680117360e-02 3.185858660512148194e-03
nan nan
3.203811546985294023e-02 3.658396003379395679e-03
nan nan
nan nan
2.206493572191887270e-02 2.393955727127958580e-02
nan nan
nan nan
nan nan
3.775157093243335094e-02 1.286198148868110402e-02
4.039853275438418795e-02 5.613275297328316517e-03
2.623211451851711895e-02 2.646401900806807234e-03
nan nan
6.171984059638951220e-02 4.696273982938698258e-03
nan nan
2.095783942026068283e-02 1.960513442249952037e-03
nan nan
3.305308110953447676e-03 3.993219546857761874e-04
nan nan
nan nan
nan nan
2.136430966715854168e-02 nan
1.481084866924061577e-02 1.543598219486673386e-03
1.032868357087450562e-02 7.084814384241208554e-04
4.538331331858170767e-03 2.201056134810744445e-03
nan nan
1.848341287319842097e-02 1.335216882746326954e-03
nan nan
nan nan
nan nan
2.400895720300192174e-02 1.331848108179226704e-03
nan nan
nan nan
2.209551299253972867e-02 2.204880047318191240e-03
1.349585659397845722e-02 4.999013459366902223e-03
nan nan
nan nan
nan nan
1.778653508165268377e-02 1.256647245133697688e-03
4.869664867981192413e-02 1.236112832505149861e-02
nan nan
2.288069388504942320e-02 3.280117503030529052e-03
1.731716099555795363e-02 2.096076387944071067e-03
3.720140132780124821e-03 3.494447300886673567e-03
4.051453515535771710e-02 3.642501043707508778e-03
nan nan
1.536244765388158429e-03 8.956111758633383650e-04
3.553966858053031475e-02 4.732133934322805234e-03
3.727032439418004502e-03 3.422781563792919534e-04
5.381484484297865446e-03 5.614724525557740313e-04
2.659799091848061986e-02 2.737885728349181112e-03
1.301409683876827462e-02 6.145385127192135900e-03
3.509391489608702785e-02 nan
nan nan
2.355684154124583832e-02 1.549736476446383557e-03
2.216811575439565224e-02 2.319672514062387763e-03
2.705747951246625406e-03 3.968489465311825053e-03
1.750262122703372114e-02 2.087306884679542007e-03
2.850880786098797942e-02 9.435422755408984230e-03
nan nan
2.393553701186021745e-02 2.760945901250299109e-03
5.824854312643670470e-03 9.403123876643712043e-04
2.057504561021028522e-02 nan
7.737539708132571553e-03 nan
nan nan
1.075672902221807246e-02 1.516678940751363131e-03
1.126448165421859576e-02 1.455638424712438379e-03
nan nan
1.036051320798866970e-02 1.644694093803490296e-03
nan nan
nan nan
nan nan
3.036896829454560978e-02 4.819031906791727306e-03
nan nan
nan nan
2.130121109135656859e-02 2.320876171649261573e-03
5.577101310378780596e-02 2.345670751649495817e-02
nan nan
nan nan
3.368540250234694673e-03 6.432681355469268810e-04
3.309205756079077604e-02 3.055809577666762557e-03
3.541260578417111671e-02 3.807702561765860440e-03
1.638117663430881804e-02 4.353740086572125377e-03
4.060651322367650126e-03 1.242339031678012283e-03
3.160504981144657277e-02 3.113656365677830700e-03
2.824951941173364442e-02 4.138018760460385193e-02
nan nan
nan nan
1.455986224575228638e-02 nan
nan nan
2.706510778098983327e-02 1.832960663388469823e-03
2.162069972749665683e-02 2.424632994760327846e-03
nan nan
1.469659562795513734e-02 2.429359092513819381e-03
nan nan
8.330110427840748885e-03 2.186469938465022619e-02
nan nan
3.299073265183850162e-03 5.413642636646230286e-03
nan nan
3.030205950314147044e-03 6.201538679539870267e-04
3.540739256224818832e-02 4.098665894036594357e-03
1.853216600644499307e-02 7.717383877369991948e-04
2.073939309541198914e-02 2.948592313253800383e-03
2.788409671806455978e-02 3.777300978581444972e-03
nan nan
1.272235258942060535e-02 1.182532033217104442e-03
nan nan
3.603799958503780404e-02 2.929054645099223551e-03
nan nan
2.695504383612475421e-02 2.063575576751732529e-03
2.880824577846328657e-02 4.915061299146181867e-03
2.318927436822318389e-02 1.298270968925154542e-03
nan nan
3.333183438409993184e-03 3.025847937390379640e-03
nan nan
nan nan
nan nan
nan nan
1.294584696045621153e-02 1.321995326581432758e-03
1.739525359258608031e-02 2.811248078782283000e-02
nan nan
1.573360606839982771e-03 nan
3.336666028789590354e-04 1.012130058808062616e+00
nan nan
nan nan
nan nan
4.769522857081053696e-03 4.615428347097461428e-03
nan nan
nan nan
nan nan
1.037298371247353385e-02 7.322327322490700596e-04
1.293982874777972400e-02 6.904799744877160306e-02
1.272187380119847722e-02 1.134499431154806703e-03
3.209717293543181554e-02 3.547394870339697602e-03
2.713388652801947132e-02 1.506796913007619728e-03
2.592711124671378750e-02 2.058800261495210421e-03
1.387767241368235982e-03 nan
7.541397528189143821e-05 nan
2.692627274987085748e-02 2.635333751633730202e-03
3.246951099773102978e-02 4.921910290008317534e-03
8.386229188212974972e-03 3.746703148438473526e-04
nan nan
5.290118194551204911e-03 3.556217275426998888e-04
nan nan
1.012080530957430204e-02 1.685263716418180418e-03
2.209253833947944987e-02 3.565806199710379234e-03
nan nan
1.667878153829522106e-02 1.592558006441058402e-03
3.464598058481513365e-02 6.084414570005912057e-03
1.057913010705113788e-02 2.242653217168579655e-02
1.921553510526502820e-02 2.048711502498401765e-03
1.457283956771181915e-02 nan
2.415625758488246233e-02 1.480287516462087125e-03
2.379945395933387442e-02 1.788905663384694972e-03
1.895373011686312531e-02 2.203078578303935362e-03
nan nan
7.513032050014051332e-05 5.261504619792537341e+01
nan nan
nan nan
nan nan
1.963506880432639573e-02 1.468288802497402616e-03
nan nan
nan nan
nan nan
1.762976813857942276e-02 3.749979899989011600e-02
7.616916506300950435e-03 8.182770977254307876e-04
nan nan
nan nan
nan nan
2.220783780194052204e-03 3.690633964722271057e-04
3.032200176518185311e-02 2.603794959468383637e-03
2.530571642086064995e-03 nan
nan nan
nan nan
nan nan
5.794449952332015458e-02 1.596593466319945129e-02
nan nan
3.720241273673638438e-03 7.572323102703538110e-03
3.860223764657829543e-02 3.970717467773215471e-03
6.668101757632926077e-03 1.750888429203145387e-03
nan nan
2.992092410057390836e-03 6.520186654347287806e-04
nan nan
nan nan
nan nan
nan nan
3.591991759505037962e-02 3.649990853186914439e-03
5.113041461471788673e-02 1.437808727821733967e+00
2.220451492628940787e-02 2.095436936260384759e-03
5.062315424675953648e-03 9.017468500848719974e-04
3.673258696840513149e-02 5.329082572185057758e-03
1.291768156084944878e-02 9.274149278348645976e-04
2.248453072214073173e-02 2.263851836548414626e-03
2.150179814887986235e-02 3.155211015235923847e-03
nan nan
1.223039648463617943e-02 2.848261948851360699e-03
nan nan
2.244551862003552403e-02 1.068547093708695737e-03
3.504425177088608262e-02 8.927448987805548450e-03
1.451389800277080866e-02 2.026018762064882642e-03
2.267377335695783345e-03 5.790473749187363163e-04
nan nan
nan nan
nan nan
nan nan
1.750170286950546161e-02 1.722470080399272560e-02
1.856388879958340010e-02 nan
nan nan
8.736261147647493563e-03 3.683607093058159469e-03
nan nan
nan nan
2.675839570326099537e-02 2.083205574994501964e-03
2.355925770027092470e-02 1.966126229683559830e-03
1.630273859815541257e-03 1.336941448838463702e-03
3.230850793891314188e-02 8.657336971687350224e-03
8.190175728311452005e-03 nan
nan nan
nan nan
nan nan
nan nan
1.466796695697747269e-03 7.918946874848472803e-03
2.729603740144099372e-02 1.987214341487273522e-03
4.805331201432266192e-02 6.128654762488076023e-03
2.581075140685367818e-03 1.297578664837734444e-02
2.059357247455369938e-02 1.522050742144211589e-03
2.493181990475846696e-02 2.356786585838517491e-03
8.899710582219281380e-03 2.023485349580616405e-03
6.688892465457015046e-03 7.769078130820416574e-04
1.985798028442013752e-02 1.679595214003478006e-03
nan nan
nan nan
1.803947154929608221e-02 2.286035695382845120e-03
2.054107067660584582e-02 2.971749298303147380e-02
1.209290311842174670e-02 2.177775279986050253e-03
3.668607242133858914e-02 nan
nan nan
nan nan
nan nan
nan nan
4.764550293290745198e-02 5.213269069512580997e-03
nan nan
nan nan
3.425067258243016943e-02 nan
1.330909401471217293e-02 9.975758988148538189e-03
nan nan
nan nan
3.740506630319117426e-03 4.971330398138346443e-03
nan nan
3.009528271684021317e-02 nan
1.459642727975168138e-03 4.895595273958203543e-04
5.675009981126724959e-03 1.222336705272133095e-03
nan nan
nan nan
2.202309234514757130e-02 2.148601449804572478e-03
1.930200135778221970e-02 1.718850227319443499e-03
nan nan
6.262320339654721055e-03 1.003811795920166649e-03
nan nan
nan nan
nan nan
2.400830557114495660e-03 7.273745278235530182e-04
3.646168952386244499e-02 5.608638806766931897e-03
nan nan
1.975454739902846035e-02 1.863944756505395194e-03
1.492226162764921302e-02 1.589161048883748137e-03
nan nan
nan nan
1.753363073826575899e-02 8.511249943138719928e-04
nan nan
nan nan
2.462974235369166931e-02 1.622924353363423789e-03
2.811925035314485986e-03 nan
5.631626847686984662e-03 1.169993415715486589e-03
1.334244271837638218e-02 2.250764690020378659e-03
nan nan
7.190847905877640472e-03 nan
nan nan
nan nan
nan nan
nan nan
nan nan
1.083210726101145258e-02 5.921705981518717195e-04
1.744526143744800500e-02 1.861556730615811228e-03
2.318426898682261067e-02 1.999448412914572783e-03
5.695418980379095275e-02 9.651698206635557845e-03
5.422744894455570550e-03 1.245963433622934973e-03
1.545567159765189741e-02 1.300994071089284828e-03
1.321114325000422203e-02 2.564777399517509208e-03
2.667929315177451285e-03 5.515237121141114375e-04
4.902166660240502363e-03 4.892610032544294444e-04
nan nan
1.784106172999924212e-03 1.221028998664321682e-03
nan nan
nan nan
nan nan
nan nan
2.539781191477603201e-02 3.056430660146037398e-03
3.566679983690697331e-02 nan
1.063244878330569729e-02 1.682953924516489242e-03
nan nan
8.468599367836782132e-03 1.567879328800907829e-03
nan nan
nan nan
nan nan
2.007659023486231542e-02 2.491245603448286570e-03
nan nan
nan nan
2.596744847215056579e-02 4.787016400944419867e-03
9.627931815645021651e-02 nan
1.398925408636945804e-02 1.006888427866016759e-03
nan nan
2.486048780262744770e-02 7.377069863482156424e-03
4.850374432517814277e-03 4.254666857789065845e-04
2.863063602408121369e-02 3.988633260873886838e-03
1.984107501964361281e-02 3.976984549972879118e-03
2.353342827175154781e-03 nan
1.792445152595767074e-02 2.260707348705604143e-03
1.457952361705885935e-03 9.124739989102158451e-04
nan nan
nan nan
2.285674953505680007e-02 1.623058707015279144e-03
nan nan
2.302582758078219188e-02 3.318189790633433583e-02
nan nan
2.424297090700284346e-02 7.079789081315226648e-03
nan nan
nan nan
3.376863114982280034e-02 nan
2.694679254127047008e-02 5.625655671842894057e-03
nan nan
nan nan
1.841971250474895919e-02 2.165537715227628789e-03
2.102872613904306284e-02 1.301979190786607633e-03
1.447633135220776149e-02 9.638910776541618868e-04
nan nan
nan nan
2.494115578103106232e-02 1.826087770166475192e-03
9.645213466442707079e-03 7.325384255448184846e-04
nan nan
2.019683671140150641e-02 1.775620168354664734e-03
1.440658399626253312e-02 2.444339902484243821e-02
2.627038962465365335e-02 2.581777405083267654e-03
nan nan
nan nan
6.786851244472655309e-02 1.038372428227699040e-02
2.600999974957260864e-03 4.426254312706956809e-04
3.219754953787344609e-02 2.825565202765133611e-03
nan nan
nan nan
nan nan
2.836891330016257096e-02 9.812497420972263878e-03
1.960459823002495480e-02 1.530020571971535881e-03
2.596887097613632261e-02 1.307330966673438339e-03
nan nan
nan nan
1.175377932209965143e-02 1.456752347744158949e-03
1.276110270916577111e-02 4.505590707730195571e-02
4.609820140803690819e-02 1.717039051090719221e-02
2.200648637563222543e-02 1.618910663012995731e-03
1.052930406534575460e-02 1.319026950011572283e-03
2.957122370275445250e-02 7.384366290621427811e-03
nan nan
nan nan
5.591279515378511089e-02 7.268458536697452316e-03
nan nan
nan nan
2.990678184246604171e-02 2.829977143761702642e-03
3.228622694987065556e-02 2.907720218408490435e-03
1.347777628862548149e-02 2.611916554375323142e-03
nan nan
nan nan
nan nan
nan nan
1.062741740666330037e-02 9.998304243720921008e-04
nan nan
4.803417065468155132e-03 nan
nan nan
3.709406424077052455e-02 6.498990977790894755e-03
8.219468314578754278e-03 9.102285023283496115e-04
nan nan
nan nan
4.097734442885781619e-02 2.815930217273002016e-03
2.308527263565668397e-02 3.692281506311012162e-03
3.671659622999206424e-02 3.428453958007773514e-03
nan nan
1.434164271133213375e-02 1.209461027633286934e-03
nan nan
nan nan
7.416062432976773533e-03 1.058980564134982382e-03
nan nan
1.839058870873041054e-02 1.209113179838596864e-03
nan nan
2.820704868278636757e-02 nan
7.313561264261735431e-03 3.090910613957321626e-02
6.760451792779273439e-02 7.118689562384490632e-03
2.722199052181978329e-02 2.241110437131408478e-03
2.582563878242035912e-02 1.582180077675583284e-03
2.640774034325406305e-02 3.519562339870922589e-03
3.399891063936561278e-03 4.376302004331568407e-03
nan nan
1.110728387161419653e-02 1.589026146649937746e-03
6.544278996659394498e-02 2.918679769811910463e-02
3.295804582683971307e-02 5.280113065535624144e-03
3.746769985033027855e-02 3.862858821529050347e-03
nan nan
nan nan
1.113034483952504879e-02 1.413185987398316934e-03
2.193560701997659956e-02 2.313330114186783019e-03
3.095051773076272147e-02 3.492063029036826440e-03
3.694930392861357077e-02 7.029132537927492048e-03
nan nan
8.239207584856586900e-03 6.316663275183291007e-04
1.025256960165304987e-02 9.100904477403769016e-04
nan nan
1.850236340599124840e-02 1.899134461402749146e-03
nan nan
2.533554430079472397e-02 3.027918878988463715e-03
1.962181873888118808e-02 nan
nan nan
nan nan
nan nan
nan nan
3.099409776372266667e-02 7.260306989631495900e-03
nan nan
3.047740455067739305e-03 2.160309121697009255e-03
3.782979548287787597e-02 3.699454423817860171e-03
2.120241713480976176e-02 2.202178048993104660e-03
1.312567012999419497e-02 2.283838634593363375e-03
nan nan
1.956810834054323323e-02 3.127623029924423564e-02
2.305189519128772457e-02 1.638797098786757851e-03
3.198281816735240590e-02 nan
3.406688408975006022e-02 2.662494476746904599e-03
2.797845919002707113e-02 nan
nan nan
6.466023883097090676e-04 2.255011348725101117e-01
9.037548777246558196e-03 9.694662416607488032e-04
4.494689068450061220e-03 2.740563491976905075e-03
1.755485359057565309e-02 1.723772788667233234e-03
nan nan
2.429583468384244674e-02 nan
1.866368256962391836e-02 3.476761549418034159e-03
1.133035868199355235e-02 1.740043194147220798e-03
nan nan
5.470589748608766650e-03 nan
1.657073296998473610e-02 1.709586006483436752e-03
nan nan
5.226504777185265668e-03 3.748331682003963540e-04
1.994274084457962632e-03 nan
1.838540875411423525e-02 2.728825076663344337e-03
1.393750791070698034e-02 nan
nan nan
nan nan
1.682260748351506463e-02 3.228520042191545310e-03
3.251351031698141922e-03 5.437678862306478001e-04
nan nan
2.898229417851920509e-02 3.320507994554347184e-03
6.471327006357253941e-02 7.362887723640903527e-03
nan nan
nan nan
nan nan
8.224046647444493681e-04 2.463926167891365010e-02
1.984735199915883125e-02 3.901034215511834345e-03
1.871718919548153240e-02 1.916309054831671476e-03
9.103678877829340932e-03 2.937224822675558317e-03
2.918242326709815163e-03 8.361511049141404561e-04
4.730332757843045549e-03 5.625541412289116437e-04
4.150279513669239556e-02 2.828937261113120827e-03
nan nan
1.930539290911237587e-03 6.411591082428426402e-02
1.168770816714163191e-02 1.649544143799649022e-03
1.655987428447303067e-03 2.027376899277700054e-02
2.978575743237074636e-02 1.827361906141950539e-03
5.774270698953648182e-03 1.274291851351832009e-03
nan nan
3.186316609881929135e-02 3.013289972190348782e-03
nan nan
nan nan
nan nan
2.602193380671974712e-02 3.268078581015227031e-03
1.695305143233580628e-02 2.358261485446206621e-03
nan nan
1.176296390288468843e-02 1.672840628286358794e-03
nan nan
4.036363344208180465e-02 3.842479949237336944e-03
2.820551727675671069e-02 2.550817232819017899e-03
1.189025503309560847e-02 3.149005853644190351e-03
1.571557208199091810e-02 1.059206126505666005e-03
nan nan
4.099507872411686793e-02 nan
1.530311874501664483e-02 1.099264800344068333e-03
2.170960319086805493e-02 2.613354302995672413e-03
nan nan
nan nan
1.497417737593304335e-02 1.477732076202184800e-03
nan nan
nan nan
2.806697923784491622e-02 nan
9.725243206629053880e-03 1.292885997657281134e-03
9.216059659545947774e-03 1.684608022371405925e-03
nan nan
1.912541408298471662e-02 2.798301253894479659e-03
nan nan
1.775813293906988374e-02 nan
nan nan
4.079980267158876683e-02 4.693730372775520646e-03
2.480794973600269210e-02 8.925599731305723650e-03
nan nan
nan nan
1.932693127875914976e-02 1.397475438209225870e-03
8.779999748178727442e-03 4.859592841203982157e-04
nan nan
3.509765244464227441e-02 2.223865025873291920e-02
nan nan
nan nan
2.590746726996733668e-02 2.817320890806529997e-03
nan nan
nan nan
3.345387162371412509e-02 6.651289812379007280e-03
1.267148628178114619e-03 3.886922733478190978e-02
2.451060290982099224e-02 1.813836000687263491e-03
nan nan
2.281053363216940452e-02 nan
nan nan
1.171339606300794700e-02 1.370006314864145609e-03
2.417249957545264047e-02 3.558218834186878139e-03
2.697946765176233858e-02 9.906000709795945852e-03
2.125561586634067916e-03 nan
nan nan
nan nan
3.387516941197078746e-02 3.614896952645671804e-03
2.178502665577564806e-02 3.548572307522896308e-03
nan nan
2.233455085205306861e-02 2.646209497256758400e-02
4.672625604609291039e-04 1.099706082195221583e-02
3.076047440242098835e-02 4.198976378431095585e-03
2.778269230189090583e-02 3.403861718595661053e-03
2.403766239873209032e-02 4.413164664759419188e-03
nan nan
9.653950202282260071e-03 2.508380031058296284e-03
1.655089401446455458e-02 3.314268546676405955e-03
1.406343962009662385e-02 4.178256229384353510e-03
2.566305116176523238e-02 3.638774752461395711e-03
1.246436965234573591e-02 2.497061655004829961e-03
nan nan
1.760439012928603428e-03 7.744754095193256234e-04
1.586913975546318592e-02 2.013219568816127566e-03
9.849530308498088624e-03 8.535781542854581263e-04
nan nan
nan nan
1.785003165483854681e-02 6.057500353886486472e-03
5.902585840684293136e-03 1.374254878603682747e-03
7.737116297771101658e-03 8.835990659549910293e-04
nan nan
1.514170090875492040e-03 1.306411140608459065e-03
nan nan
1.330311385269763481e-02 1.573384555789634305e-03
1.209512458618656854e-02 5.243604713214018026e-04
4.313064738590920329e-03 4.131280875037956785e-04
nan nan
2.410591203105125896e-02 1.924893839079022629e-03
nan nan
3.394890458901229924e-02 nan
nan nan
1.583840017972062573e-04 1.661865370141701987e+03
nan nan
2.625258274690304289e-02 2.666151216550171829e-02
3.806174129148986486e-03 4.862635580268684908e-04
nan nan
1.111668966136569910e-02 8.491531665992840166e-04
4.026328213782994631e-02 3.512859798053967648e-03
1.461010683306246394e-02 nan
nan nan
7.270618312743646477e-03 1.046790375020775201e-03
2.325251847584189346e-02 2.585409076040986326e-03
8.614206114335054565e-03 nan
6.293790978220206722e-02 1.289638797286555769e-02
nan nan
nan nan
2.171481175940664574e-02 1.452362279449250860e-03
nan nan
2.962579371045307233e-02 nan
nan nan
2.480475798969825757e-02 2.814538227800196784e-03
2.282773629185141234e-02 2.042579069957442279e-03
nan nan
nan nan
2.382248686065378124e-02 1.692172771636688607e-03
nan nan
nan nan
nan nan
3.564648104855920943e-03 6.406484106988535702e-04
3.242790449236034045e-02 4.292308035243996844e-03
nan nan
nan nan
3.830443069162527830e-02 9.825820335578281176e-03
2.544068830514972096e-02 3.236388731512340050e-03
nan nan
nan nan
nan nan
nan nan
2.005359173344251414e-02 1.733466442657194666e-03
4.795241052102738877e-02 7.510906301917441054e-03
nan nan
nan nan
nan nan
nan nan
nan nan
2.487253818775395087e-02 2.541875819799518498e-03
3.278260150650117583e-02 3.970991321823004981e-03
nan nan
2.896441843953237449e-02 2.018960290997223045e-03
2.842043299848011698e-02 2.150578281088506415e-03
7.446248855677409934e-03 6.456518216444921514e-04
1.160572918747866666e-02 6.327605523751000938e-02
nan nan
nan nan
1.008674295876329542e-02 1.285526462901031902e-03
1.716384991995036774e-02 6.720731104376103868e-03
2.480466631433295155e-03 nan
nan nan
1.900015877144179549e-02 3.949476823801993143e-03
nan nan
5.057674248858869126e-03 1.043157272285654595e-03
2.693719612669457850e-02 1.756377079996020597e-03
2.924998179269031745e-03 1.140894778337074849e-03
8.605641582964687836e-04 3.685900033872562681e-02
nan nan
3.395111642444572503e-02 2.326514774352486659e-03
2.988053606575859049e-03 9.347710718201941021e-03
nan nan
2.326842778465348233e-02 1.010812286312550920e-02
2.064989792974126701e-02 2.190126471624561592e-03
nan nan
1.559181409293938433e-02 2.745275230143467797e-03
nan nan
2.121651489988071824e-03 6.197678513689732762e-04
2.033389931205548812e-02 2.484025276444104535e-03
nan nan
8.757693102595314610e-03 6.864972798518006927e-04
4.482827121939573015e-03 5.909179057084965308e-04
nan nan
nan nan
5.291964740332870398e-02 2.077216962502427197e-02
1.194744982770720373e-02 7.465300995279731261e-04
nan nan
nan nan
nan nan
nan nan
2.493287975482367039e-02 2.252467306755058605e-03
1.904644071951164253e-02 2.133067092150311896e-03
nan nan
9.186273541172965823e-03 4.781357692430169160e-04
nan nan
nan nan
7.681270582584104681e-03 7.259885022946177937e-04
5.239142900763191051e-03 6.965897436365791348e-04
nan nan
nan nan
nan nan
3.110013098189504804e-02 2.022457732807866979e-03
nan nan
nan nan
nan nan
4.151486718558945049e-02 3.003064886731248058e-03
2.131131627047759720e-03 1.392257206912829144e-03
2.305310928133856574e-02 2.004873694016250617e-03
nan nan
9.903971621376421799e-03 1.218355510301482236e-03
5.451503567092848279e-03 4.347845722528492904e-04
4.795769524153607744e-02 4.733259432618723041e-03
3.628036593130934406e-02 1.697799502973540431e-02
1.840112151063501289e-02 nan
3.665819348645808773e-02 2.675587535658052740e-03
2.042630732618443828e-02 1.117284513814851415e-03
nan nan
4.840218731260562818e-02 nan
3.102100354016960881e-02 2.599439036551786601e-03
1.232989287478084180e-02 1.927634527418838409e-02
1.904838812875635917e-02 1.406708840862306653e-03
nan nan
1.328746205987846318e-02 1.162632223039973458e-03
nan nan
3.981121612767633301e-03 8.400273550356398026e-04
nan nan
nan nan
2.412716017727840195e-02 2.137816636277529211e-03
nan nan
nan nan
3.906764591671290504e-02 4.688808834602107081e-03
nan nan
nan nan
nan nan
2.120811004577909803e-02 2.230970398670543715e-03
2.164826536317599609e-02 2.375997795467112237e-03
nan nan
2.871295887382983858e-02 3.064490412665668573e-03
3.329333482823176871e-02 4.461714513645708736e-03
3.215540259580293436e-02 5.111872768424396106e-03
1.163166398618079717e-02 1.282253133408298423e-03
nan nan
1.695598968563464745e-02 1.094275731759120334e-03
1.102782138163287996e-02 8.734492675191705448e-04
nan nan
1.239805766730351505e-02 6.538027159474081584e-03
1.371407447149801048e-02 2.465840653230039897e-03
nan nan
1.975158968781513813e-02 1.920101436381320414e-03
1.140105299962187319e-02 2.260747970750200727e-03
nan nan
3.443939722162942755e-03 6.552979593044843711e-04
1.053474255362620016e-02 4.765033606810214172e-03
2.350195239936168912e-02 3.942919385320216297e-03
nan nan
nan nan
nan nan
5.731177875256125015e-03 5.440334278852388241e-04
1.857387316133296551e-02 9.996997388438623802e-03
nan nan
1.039913462242159255e-02 3.068354262242104034e-03
1.446396931309329101e-02 1.136938812146019587e-03
nan nan
1.085404208349918104e-02 1.391984557902069264e-02
nan nan
5.511814274983038373e-03 nan
nan nan
6.662622681106776870e-03 4.789609654105691497e-04
1.305715648804590609e-02 7.459878719132839080e-04
nan nan
3.493108148863403872e-02 3.335947986624729963e-03
2.270798547499831843e-02 1.348678024641880580e-02
nan nan
nan nan
nan nan
nan nan
nan nan
nan nan
4.158491083229774732e-02 3.051532808290158792e-03
7.751860912205614518e-02 1.253106967569779517e-02
nan nan
8.861872236683762671e-03 nan
2.255779600657980416e-02 2.498346368362025591e-03
nan nan
nan nan
2.438468535135319623e-02 1.352460059387460434e-03
nan nan
3.538795753892831630e-02 4.603470482716496247e-03
3.934028972976386963e-03 6.650624169624824548e-04
nan nan
4.417867805003204695e-02 8.444430594407793117e-03
3.546801904129509141e-03 8.065351679103399717e-04
4.015661900836860199e-03 4.756937370840399223e-04
6.102628996064748609e-03 5.660074895381399414e-04
nan nan
1.546579420897110230e-02 1.651074553712912748e-03
nan nan
nan nan
2.374205706852717049e-02 4.114984007324343739e-03
1.883997795955254934e-02 1.411616592115354230e-03
nan nan
nan nan
nan nan
3.215490621190660644e-03 5.965622576660667854e-04
1.795436266016434135e-02 1.392764224739254444e-03
2.337782845647857349e-02 2.146954372431038229e-03
1.283135436974468246e-02 1.200223492547823796e-02
1.033620051694105965e-02 1.015974704083689138e-03
nan nan
1.632560658437549536e-02 2.026523188682673778e-03
nan nan
nan nan
1.919619597644750542e-02 2.207749808785366540e-03
1.633942667449272967e-02 1.652384321554879526e-03
nan nan
1.508794129177855499e-02 2.129694444083606378e-03
1.311305425274483794e-02 3.038862495255243313e-03
4.391130005402810871e-02 3.670230728311123236e-03
1.725913044829842022e-02 1.396813277868449825e-03
nan nan
3.489898917090097398e-03 3.672673563983977246e-04
2.172878700750792078e-02 2.464158099049020868e-03
3.107107019144377067e-03 5.034926472540231235e-03
nan nan
1.885717764779924754e-02 1.906287420497376935e-03
nan nan
1.168130077553704098e-04 2.117601240280550101e+01
3.196197021115654291e-02 6.812778230829354131e-03
2.603673713888214614e-02 4.896364309076420111e-03
nan nan
nan nan
2.145893535563117571e-02 2.089938989093867525e-03
nan nan
4.243708328255852737e-03 nan
2.808568998148047724e-02 3.603712778774854734e-03
nan nan
nan nan
4.818496108721711385e-02 5.296340532735221464e-03
1.665133372006318696e-02 1.360498901131160926e-03
7.307883872804181945e-05 nan
1.749847724711236369e-02 2.335188294716684845e-03
1.837171417375673549e-02 2.212251128126907669e-03
4.250366301506288552e-02 1.548764828117511760e-02
3.802396104739381999e-02 2.851633707758775317e-03
1.131654999878108211e-03 1.426301869901969166e-01
nan nan
nan nan
nan nan
4.263648724367069542e-02 5.274667754350427853e-03
3.847424030284275071e-02 3.654144633795562702e-03
nan nan
3.782861010232684007e-02 nan
nan nan
3.169385069482387116e-03 3.530584237173786276e-04
nan nan
1.283918677552675289e-02 1.796944957671274936e-03
9.480534596981091827e-03 1.893815905089164461e-02
2.312724014529518590e-02 4.182293637467465221e-03
2.610037345149954918e-02 2.924453468781385707e-03
nan nan
2.609504347485568868e-03 nan
2.356277261390603284e-02 1.791750280825945337e-03
3.899571392600925668e-02 5.821004938609175908e-03
3.032136946907160874e-02 5.699950349416810225e-03
1.946180257817110848e-02 2.539321752108775199e-03
1.330625295006511617e-02 1.365166660172389100e-03
1.445993338251771315e-02 2.458603022001191844e-03
nan nan
3.324450307029699209e-02 nan
2.732490062865771535e-02 8.770041502543133097e-03
nan nan
1.301968750492914564e-02 1.104635428695629855e-03
1.197869740298364500e-04 2.134201144646315385e+01
1.184893124262903844e-02 9.064611784013286780e-03
nan nan
nan nan
1.319812359899554671e-02 1.349888811912838436e-03
nan nan
nan nan
nan nan
nan nan
nan nan
nan nan
3.305987622682789173e-02 2.510471721229219806e-03
1.934080843887805469e-03 8.060614118725264879e-04
nan nan
nan nan
6.929256050370336331e-03 6.906611242871784967e-04
nan nan
nan nan
nan nan
2.105133428144823765e-02 1.490012841559073924e-03
2.590084393320906536e-03 4.010360897230982142e-04
9.221934383103015664e-03 2.816719639590667835e-03
4.202290339349564960e-03 3.702314275954084080e-04
2.386490453144531759e-02 3.607424343199265582e-03
1.214624622586044783e-02 1.502184678256007289e-03
1.988388140115067426e-02 2.341886935518803104e-03
3.469124882236340052e-02 2.384457676742612452e-03
3.637185855507099608e-02 4.935442694719497161e-03
1.664185178133700468e-02 1.401343729786048856e-03
3.433488724750093785e-02 2.748838873728680528e-03
3.225654059662899642e-02 2.384870852229700744e-03
nan nan
nan nan
8.137575682551176359e-03 8.172076178726647711e-02
3.089536307358579231e-02 3.244646025190520578e-03
2.044494338184541654e-02 2.865208828223431408e-03
nan nan
nan nan
1.813506108233453986e-04 9.167051824832708462e+02
2.632809693148948499e-02 2.897728214366119062e-03
4.256413948542489036e-03 8.448431233413647434e-02
2.776655169695285003e-03 2.553292255984589078e-04
nan nan
1.253369467596296069e-02 1.864494539595243231e-03
1.230298696213318402e-02 1.550018047061456307e-03
2.916597548916126381e-02 2.944115084211460041e-03
2.246332684005596103e-02 nan
nan nan
nan nan
nan nan
nan nan
nan nan
3.445226179816551076e-02 2.489475308843901082e-03
2.141077167332894327e-02 1.156859085917518641e-03
nan nan
nan nan
nan nan
nan nan
nan nan
4.537857677882790874e-02 3.314519802308151918e-03
nan nan
4.033327262322994669e-03 1.138918262416826165e-03
1.243904874809307302e-02 1.185714672589902432e-03
nan nan
4.348972567950254442e-02 nan
3.520743134980523770e-02 4.956983940829141032e-03
nan nan
7.473435587381153759e-04 9.240075361326664924e-04
nan nan
9.040147735387735195e-03 7.162440038503643585e-04
3.329637465241513938e-02 3.259709066756598904e-03
nan nan
2.107417793871575046e-02 1.411104128493510367e-03
nan nan
6.648631754906503960e-03 1.358616019912810323e-03
nan nan
nan nan
4.929247213919894267e-03 4.623682035723784660e-03
5.017916587059299827e-02 4.941724697319620219e-03
2.607246111248853748e-02 2.802641439149746762e-03
4.018026948413096384e-03 nan
nan nan
nan nan
nan nan
1.142990930613526149e-02 nan
5.434265513267668574e-03 7.210752214819066142e-03
nan nan
3.371314881442403349e-02 4.102751196232505039e-03
nan nan
nan nan
7.740698211482961201e-03 nan
1.725858148091611449e-02 1.431325636720380849e-03
3.061098956785239522e-02 3.680442128321569431e-03
nan nan
9.828292800470124838e-03 1.218164131922267260e-03
nan nan
4.874153317293238551e-03 4.408557911603943388e-04
nan nan
1.292399416530400427e-02 1.361063759122109820e-03
nan nan
7.340297705012792037e-03 1.897551215139350704e-03
nan nan
nan nan
nan nan
3.145033750341242468e-03 1.339497939365334039e-03
1.404338360793735280e-02 7.213503629483814482e-03
2.569141050366666873e-02 2.537080808113231431e-03
5.544236485622354958e-03 6.268850189503521238e-04
2.255895625404046208e-03 1.824357029271972408e-02
nan nan
4.102354166125428414e-03 5.372031606768774966e-04
1.169276283694990065e-02 4.424405494842121450e-02
nan nan
5.702177252641982275e-02 1.580543601534870404e-02
nan nan
nan nan
4.792517122275263830e-02 4.216553608106687889e-03
nan nan
nan nan
nan nan
nan nan
nan nan
nan nan
4.705044496367693715e-03 4.168606576478616952e-04
4.170207437249941543e-03 4.145063379625167285e-04
1.400984794755811419e-02 9.037612993587884050e-04
2.940553863211220822e-02 6.497924687694806890e-03
1.508503423331750658e-02 2.144320982221863212e-03
1.423889167577789550e-02 1.202114303836563118e-03
nan nan
5.404278075476440235e-02 6.285607756381155105e-03
nan nan
1.434581193632240848e-02 1.418599534942951686e-03
nan nan
nan nan
nan nan
2.727519299748310325e-02 2.617803104407397802e-03
nan nan
3.012412438429340131e-02 2.401673608123874610e-03
3.392852667284428081e-02 4.352109025470085081e-03
4.105778636753902588e-02 nan
nan nan
1.601435390426665314e-02 1.668992908648977026e-03
nan nan
1.397023936625546234e-02 1.926055355271804681e-03
1.048434359297913468e-02 8.972709692883662925e-04
4.675103397805891597e-02 1.544532762659161715e-02
5.416581291416965038e-02 1.476426737021653210e-02
9.570110903494912294e-03 6.111476883263041934e-04
3.201763838506474502e-02 4.835938851966945472e-03
nan nan
nan nan
nan nan
nan nan
1.417481177016199217e-02 1.031497695919181799e-03
1.527987446542099399e-02 4.314497801426424826e-03
nan nan
2.158883360264064397e-02 1.403574977275828502e-03
3.332484972482589736e-02 3.621302055522402502e-03
nan nan
2.687208282304214338e-02 1.792143390702623847e-03
2.313153298149571782e-02 6.873238378672909266e-03
nan nan
1.639335021775597395e-02 2.639680160938366084e-03
3.238691220036792051e-02 5.354009142970296044e-03
nan nan
5.329302323663728108e-02 6.307086193085663720e-03
nan nan
7.988411477023452806e-03 4.861024099203027009e-04
1.685959590580139722e-02 5.927252402067426096e-02
1.477018012272241290e-02 3.768024531307019240e-03
3.796690690599224122e-02 3.351858595697340508e-03
4.955555974219720897e-04 7.490846489050982659e-03
1.841179620963042524e-02 2.192800521460586474e-03
4.895925189367388020e-02 1.063442954388764752e-02
nan nan
3.878961621765947276e-02 2.266047716233279916e-03
4.159199382423559542e-03 2.973110601530897304e-04
nan nan
nan nan
6.611473095715001552e-03 nan
3.372344573561598252e-02 3.808514736257347447e-03
3.478593450754365567e-03 1.422530535206504958e-03
nan nan
nan nan
nan nan
nan nan
2.287969063605840500e-02 1.788795736268555163e-03
9.477824903390138014e-03 9.048707687804181249e-04
nan nan
4.396711805971590878e-03 5.035158223989586726e-04
nan nan
2.134484059938782444e-02 1.790365945427427677e-03
2.366513777404567406e-02 2.532203313949531534e-03
2.151484231458076352e-02 4.239538643022344733e-03
2.951621463374293902e-02 5.596554172400954735e-03
1.397175376700852869e-03 5.323324540491762395e-03
1.489974999219788841e-02 nan
nan nan
2.382498478386735341e-02 2.717670755938755324e-03
2.336733383621764776e-02 2.256705278498501947e-03
nan nan
1.753770246255942356e-02 3.428354833241051020e-03
nan nan
nan nan
2.749868231993910644e-02 5.938783890570301788e-02
1.795225013712318379e-02 2.749423965927257855e-03
1.342341230954686472e-02 1.722571269512699265e-03
nan nan
1.059717224013125535e-02 3.053985936960796656e-03
1.584116423955398562e-02 1.486116860843008421e-03
2.175230261895714709e-02 2.207710335997770286e-03
1.306108928526748814e-02 1.943360751740116216e-03
2.484489832105082549e-02 7.719311794943577512e-03
5.774631501780716492e-03 8.322642666828556886e-04
nan nan
1.961057224496974821e-03 4.449078474253640673e-04
nan nan
nan nan
1.448837452563121048e-02 1.587962297326056191e-03
nan nan
1.106977424796163235e-04 nan
1.596466314432042413e-02 8.882591479322681817e-04
nan nan
2.340137415812445013e-02 2.214133323072666783e-03
5.110774682641264915e-03 9.927842697698826754e-04
nan nan
nan nan
1.852685173030996918e-02 3.590503754086309986e-03
9.502476466711085729e-03 9.781412237290839501e-04
1.041331783450933496e-02 8.878207586414155238e-04
1.521301869751912755e-02 1.354509001860458237e-03
nan nan
1.841589264119343483e-02 nan
1.266953379484944166e-02 2.410753146340399288e-03
nan nan
2.163083736678963337e-02 2.889564862591096055e-03
nan nan
nan nan
nan nan
nan nan
2.816633017831466496e-02 1.904178446125930329e-03
nan nan
3.412562682348331544e-02 2.630095988137379909e-03
nan nan
nan nan
nan nan
nan nan
nan nan
nan nan
2.972314150961798823e-03 9.971701639945671890e-04
3.955413088139693445e-02 7.512761275048319802e-03
3.634454942138023309e-02 3.071441321826438604e-03
nan nan
1.741418085490447493e-02 6.495921273808521849e-03
2.383210233615596502e-02 1.720499849547958140e-03
nan nan
nan nan
nan nan
2.800546263002486047e-02 5.097249332960805505e-03
nan nan
1.156911937144746751e-02 1.016733171559027534e-03
nan nan
4.371043669420095548e-03 2.626510436888731875e-04
nan nan
nan nan
nan nan
4.436909882434261071e-02 7.468713973751111082e-03
9.856906374836013271e-03 1.012649396628542090e-03
1.691136665074856674e-02 9.054558132047060446e-04
nan nan
nan nan
1.310394940504889388e-02 4.183770267132549438e-03
3.682162234286122729e-03 1.162207143493919391e-03
5.023982108530804930e-02 nan
3.557164422614895322e-02 2.527597436560572331e-03
2.080295009519520996e-02 nan
1.834697963109919224e-03 3.864729570902721706e-03
4.952452360703067007e-04 4.158583101345579049e-03
3.268242003416871582e-03 nan
5.559766293643669116e-02 nan
nan nan
nan nan
1.871090069946455131e-02 1.873886874650113575e-03
nan nan
nan nan
nan nan
2.918894709492373882e-02 3.675989407409051540e-03
nan nan
nan nan
nan nan
1.854231659472635463e-02 1.927513457928309911e-03
nan nan
2.053121716568540728e-02 2.149967927523822094e-03
3.694493083555282220e-02 3.196442953478042907e-03
1.571219115042020442e-02 2.261665201005575842e-03
1.469543436810521585e-03 1.381952387815762020e-03
nan nan
1.385561165245964912e-02 3.576128156086689179e-03
4.251720152703256789e-02 5.429640399661628779e-03
nan nan
2.130258016140814184e-02 1.463924368015074706e-03
nan nan
nan nan
nan nan
nan nan
1.050342947508115313e-02 2.111261041603750086e-03
nan nan
1.755579056588826153e-02 1.255137748875703452e-01
nan nan
1.135764764949040787e-02 1.405708928953848177e-03
3.242273984096480897e-03 5.657584513788336969e-04
1.525581938069464454e-02 1.662199043330516096e-03
nan nan
2.711400529994000691e-02 2.523462129413840075e-03
3.977876696513088506e-02 2.467158604592789139e-03
1.858661012522713762e-02 3.800882288350458382e-01
2.271223425614586275e-02 1.939836869722308182e-03
nan nan
nan nan
8.886841523281226868e-03 1.203216257209292067e-03
1.921792848216360072e-03 1.629334617725659113e-03
1.185608018410859443e-02 7.696483478766807072e-03
1.357219765780524195e-02 2.377331758154528629e-02
nan nan
4.919571903009073433e-02 5.995653986861825858e-03
nan nan
2.474818362282135004e-03 1.650904025824724867e-03
2.487315905057160131e-02 8.740502587114675273e-03
nan nan
4.533478007928528133e-03 nan
nan nan
nan nan
3.688049456284165500e-03 9.007289471366005393e-04
nan nan
4.897223390512558949e-03 nan
nan nan
2.699379269257776853e-02 2.027059028591878757e-03
nan nan
2.170200171299290284e-02 2.228643812057496537e-03
nan nan
7.192673641466014109e-03 nan
nan nan
nan nan
2.053117303838745272e-02 1.004581768130704709e-03
nan nan
2.509811783159345347e-03 4.146871503547738119e-03
2.041633818532283609e-02 2.639975783072321964e-03
nan nan
1.758445808223922310e-02 6.093566619858572370e-03
5.570519994382615650e-03 nan
2.574972868193219772e-02 4.199474945748105613e-03
9.652281899945672206e-03 5.202864677802531302e-04
3.779306887045145308e-02 4.522797753023068655e-03
nan nan
1.552827767168262971e-02 3.074833937311056802e-03
nan nan
1.207481776074351837e-02 1.397029770192055043e-01
1.340690632026044979e-02 3.443258749786129707e-03
5.728266483694892386e-02 8.323406490675431049e-03
nan nan
nan nan
1.904704791976011974e-02 2.040342087043363079e-03
3.076026564719765155e-02 3.795641872576275763e-03
nan nan
nan nan
nan nan
1.751593607095697919e-02 1.698273130885311630e-03
nan nan
1.902150661153887562e-02 1.831768525590478152e-03
2.633969998077997227e-02 2.556044204278442190e-03
nan nan
nan nan
nan nan
3.318218999146572284e-02 3.557380199807911713e-03
7.001100275382504245e-04 5.648559185287635107e-03
nan nan
nan nan
nan nan
3.002371233246536875e-02 4.003022061081920949e-03
nan nan
nan nan
nan nan
nan nan
4.288427424426428936e-03 6.653191661208263412e-04
2.366321450117680331e-02 3.477559279030657379e-03
nan nan
2.231565146951952627e-02 5.577625796221641688e-03
nan nan
4.756345293035765809e-02 6.955905335386021113e-03
nan nan
6.841916578390058040e-03 7.918051268353478063e-04
3.161329784152756839e-02 1.918633984094124433e-03
nan nan
1.687445211256718980e-02 2.709416302418616272e-03
nan nan
nan nan
3.542366041722806724e-02 3.334211636434443893e-03
nan nan
3.951630190185641267e-02 4.229764275936063501e-03
1.926246592473673585e-03 nan
nan nan
nan nan
3.568997242762921712e-02 7.907589642711244926e-03
2.150692709756555840e-02 2.868499388243820388e-03
1.976551052002336467e-02 1.577783987040122732e-03
nan nan
2.387282072907547653e-02 2.643325116218755728e-03
1.206367773267048860e-02 1.111798227154332450e-03
3.578963690219235522e-02 4.545763761655644344e-03
nan nan
nan nan
8.862279036582225780e-03 5.759973645665378283e-02
2.482499240294341533e-02 nan
nan nan
nan nan
nan nan
1.582065115843894060e-02 1.380003630800328293e-03
nan nan
nan nan
2.650542034907076884e-03 3.484799270463443972e-03
nan nan
1.461788305150396431e-04 nan
7.128767292542452505e-02 1.144453645339646788e-02
9.977065483632460707e-03 2.534243921319278940e-03
nan nan
2.847726687898979175e-03 7.430801252400616149e-04
nan nan
nan nan
7.087218851785265228e-02 2.626558390288217387e-02
3.413445901768652133e-03 2.313708635710075550e-03
2.625136260740297545e-02 1.351811644772971631e-03
1.419786391764522870e-02 2.372932817204959424e-03
2.317465599000325532e-02 nan
nan nan
5.864562085689067200e-02 nan
nan nan
2.394269531467147719e-03 9.381494486331924372e-04
1.383409948631683564e-03 2.709565370735210043e-03
8.123426391172468980e-03 5.069001177188148764e-03
2.283568323184653748e-02 1.092200977522579143e-03
nan nan
5.647222521961119818e-02 6.248864708241584978e-03
nan nan
nan nan
nan nan
3.285559372940422863e-03 8.210228335950372092e-04
2.370724394936541204e-02 2.061876695297610099e-03
nan nan
nan nan
nan nan
nan nan
2.415551077780247677e-03 1.027143497935156975e-03
nan nan
1.934872294619825392e-02 4.845755180235243598e-03
2.505756438846257206e-02 2.156822315936628067e-03
nan nan
nan nan
nan nan
nan nan
4.469207659771682814e-03 3.795572351722046114e-04
nan nan
nan nan
2.944501922902744220e-02 3.619014453025967259e-03
4.820459866218817363e-02 5.909616184611435862e-03
3.146255718674004220e-02 2.371908798658253510e-03
2.994241147308101397e-02 1.994657582132483217e-03
nan nan
3.023692207833500803e-02 2.538922710494085754e-03
nan nan
4.636889599385257688e-02 5.594445484486851652e-03
2.247714970776601429e-02 1.781398833561599745e-03
2.148464090307944385e-02 1.580818436176612950e-03
3.719215889510037870e-02 3.185346534882892242e-03
4.227948834940866915e-03 1.390469587437971177e-03
2.627364042293349813e-02 1.639539459372927688e-03
nan nan
3.958707544762267438e-02 4.978386541544380962e-03
9.181422505574632353e-03 1.915703872419897763e-03
nan nan
nan nan
nan nan
4.188720577088058707e-03 1.027216146640221083e-03
nan nan
nan nan
2.221451159377432066e-02 2.659962451976141500e-03
nan nan
nan nan
3.452161891652740650e-02 2.786415378921183912e-03
8.844299862190402317e-03 3.602435835402709001e-03
1.968012373151405842e-02 1.825122328140320023e-03
2.026653020443838424e-02 1.774236742826711382e-03
2.716938768927372461e-02 3.293336982196815206e-03
nan nan
1.702802972076378554e-02 1.538815485662364509e-03
1.379179942004235548e-02 1.817152896311517241e-03
2.562198500650152318e-03 5.684677209313886495e-03
nan nan
2.941684499475275688e-02 2.507666389852683531e-03
nan nan
2.797720956497874722e-02 2.085810742429594807e-03
2.431423914704562012e-02 3.529844874453086194e-03
1.388913799634254782e-04 4.045107678359882897e+01
3.771132158529399286e-02 nan
4.691173274265939691e-03 1.314686695297809151e-03
1.540251545903237318e-02 3.522663440962479214e-02
2.565960971729102855e-02 2.244053194250110114e-03
nan nan
nan nan
1.663275636068796068e-02 1.493396542338323689e-03
9.218741004823541654e-03 1.173827742065021093e-03
3.772085704914057355e-03 1.220134191170515851e-02
1.921736024067663418e-02 1.548003003783138785e-03
1.832199233180820119e-02 4.286255634455895039e-03
1.288987080213043965e-02 1.214360160682949850e-03
9.687491652550587681e-03 3.097900144886699212e-03
nan nan
nan nan
1.549644628966002392e-02 1.885972941545401406e-03
1.991462283535600994e-02 2.467230833824650763e-03
2.078772664596940933e-02 nan
1.195338278128964780e-02 1.010921446552685583e-03
4.050501253027280306e-03 2.487805578943217202e-03
7.884100122105029695e-02 nan
nan nan
nan nan
2.712888695264464162e-02 2.256618959279684065e-03
nan nan
nan nan
4.060341108180176573e-02 2.546072531068114750e-03
nan nan
2.085944634598992098e-02 1.640982225688605639e-03
2.242006721291220014e-02 1.889810096207310578e-03
nan nan
1.069123313087273763e-02 2.832608514821096865e-02
2.501899609849194545e-02 1.724226329613868462e-03
nan nan
2.068183240712704457e-02 1.667883411803563034e-03
3.132938879867026849e-02 4.528284659136197488e-03
nan nan
1.195765034058290759e-02 1.350652241399615287e-03
1.609175599505364290e-02 1.163587456425923747e-03
nan nan
4.811053199044418999e-03 1.233549845125103683e-02
4.532746688919029460e-02 1.149309290147862428e-02
3.039219696079627220e-03 7.755333234933622141e-04
nan nan
nan nan
2.505664582239715103e-03 4.959458189754817467e-04
nan nan
nan nan
nan nan
nan nan
3.723410877848384870e-02 3.296359523439173524e-03
6.641958054400847432e-03 nan
1.964685270766205766e-03 nan
nan nan
2.459865380030830384e-02 2.389940381884605222e-03
nan nan
3.574438458210136421e-02 2.386686327133947377e-03
nan nan
1.202005380518803013e-02 7.671077293734268349e-04
1.930322150737616774e-02 1.840856144980594676e-03
1.583633641230695541e-02 1.112176300733852194e-03
nan nan
1.079024295607747090e-03 1.079448530260281210e-02
1.029769725705232362e-02 7.472476500411760888e-04
2.041438159323547344e-02 1.459057605961375844e-03
2.353887399939686570e-02 1.978355101370113042e-03
7.286969078536943353e-03 5.206929045565438256e-04
nan nan
1.263523788966718769e-02 7.424825369137197937e-04
3.205515753292780684e-02 3.334988469652743880e-03
2.700547016230218748e-04 1.737815085134227999e+00
1.884157196573245374e-02 1.043524216010607939e-03
nan nan
nan nan
nan nan
nan nan
1.143531442403190705e-02 3.089107961042168813e-03
1.257405712038786247e-02 1.590402101397227078e-03
nan nan
1.333407055481146755e-02 1.391714298283115931e-03
nan nan
2.628093744451325681e-02 2.327392534498655147e-03
1.085726671876449494e-02 nan
1.573148489407545300e-02 3.003065793964809771e-02
3.415186262001142919e-02 2.752144005367896003e-03
9.532194931545702465e-03 1.771790718943727335e-03
1.645666355619238019e-02 1.625674765503846639e-03
1.681120115095108281e-02 4.041973114402082345e-03
nan nan
nan nan
2.199496116337053969e-02 2.881891436941598772e-01
nan nan
3.422087896643408178e-02 2.478209687055155704e-03
nan nan
nan nan
nan nan
nan nan
1.044729648825951963e-02 9.835316899250710117e-04
nan nan
1.212324807802349011e-02 1.584899835595448593e-03
1.298659793034014943e-02 1.071072841704088976e-03
nan nan
3.381338753403691222e-02 2.943934504676375824e-03
6.571647895509493721e-04 1.294957854919922824e-01
3.897677282009806565e-02 7.462833542077855140e-03
nan nan
nan nan
2.065258362978536141e-02 2.438516186092743593e-03
nan nan
2.421091906733095420e-02 2.207089582765865265e-03
nan nan
2.923347637982542241e-02 3.997761277702306312e-03
8.825828769142321853e-03 1.640297248257327868e-03
2.837647401362314303e-02 4.944640102719275940e-03
nan nan
nan nan
nan nan
nan nan
5.895287333041689809e-02 4.424033678600022487e-03
nan nan
nan nan
nan nan
nan nan
3.795799749514421062e-02 1.150561751420609014e-02
3.762195615251755221e-02 2.173890313070033376e-03
nan nan
1.876320384636187208e-02 1.732235247638732592e-03
nan nan
3.654502429285908655e-02 3.313287886093291452e-03
nan nan
1.900273867746173767e-02 1.822664986175124733e-03
nan nan
4.213212413150767971e-02 5.281972436891923042e-03
1.060427637141376361e-02 8.741934120942055448e-04
1.049904070617751388e-03 1.080557150500341748e-02
nan nan
nan nan
3.366802922159819328e-02 6.974671758656885573e-03
nan nan
1.637825698973234892e-02 1.326980870049768299e-03
nan nan
5.661999912313082223e-02 1.322001115631950621e-02
2.427786308851824504e-02 5.309924123230841918e-03
nan nan
1.319973918893159459e-02 1.328585821813224859e-03
8.330179487789978604e-03 1.072100343228195524e-03
2.918103313695956033e-02 2.547855673210533238e-03
4.171230950950807759e-02 nan
nan nan
nan nan
2.531402080816751166e-02 2.097204443597796165e-03
2.276781385074710951e-02 2.759800812730204070e-03
nan nan
nan nan
9.825913500055641348e-03 7.389663385479194879e-04
1.608938087712855763e-02 1.625679350098892684e-03
3.616466389811722609e-02 1.018466315075959062e-02
nan nan
3.273101282904250509e-02 2.812390533271750658e-03
3.633251165077222566e-02 4.352412260230286919e-03
1.074159515232574885e-02 1.259342231792071965e-03
4.250580615587221806e-02 9.270981849242106512e-03
9.126708324693130758e-03 9.780008732467447997e-04
2.809430684235258643e-02 nan
3.055655616708878586e-02 2.208432564540023426e-03
nan nan
nan nan
nan nan
8.862665981217428962e-03 nan
2.317840316504370113e-02 2.511308563077274767e-03
1.321909002216251766e-02 1.791020537031682291e-01
1.277770626258520163e-02 1.258863751163290679e-03
2.519965004332741509e-02 3.237633034088315247e-03
nan nan
2.801941184225954090e-02 3.046162132151030832e-03
1.770972525214383614e-02 1.121114010323346006e-03
3.309761115823273148e-02 2.359066504373425344e-03
nan nan
9.671617139641455058e-03 1.514622920887877863e-03
nan nan
3.202332113601597668e-02 1.704679435034759912e-03
nan nan
4.238606402173689114e-03 5.792421335741736350e-04
nan nan
nan nan
2.915354135735472030e-02 2.389320089833281337e-03
nan nan
9.912787520160833837e-03 nan
nan nan
nan nan
2.106952659272065889e-02 2.484922496593240139e-03
6.142997481740678466e-03 5.768195902589464373e-04
nan nan
nan nan
nan nan
1.000456876651335174e-04 2.595626770587448462e+01
2.077736658772181069e-02 4.564975803089205142e-02
nan nan
nan nan
3.537176303811566391e-02 2.408214787211807040e-02
1.198750139219072544e-02 nan
2.525169925443155987e-03 7.510412312501662949e-04
nan nan
2.043936529020583259e-02 2.801878887295655186e-03
3.042702981716866734e-02 2.282373708810895695e-03
2.627126381924856438e-02 2.790226362237563547e-03
nan nan
1.524959598385597359e-02 4.923521543973779363e-02
2.841974919136870670e-02 3.437673590100898732e-03
3.704364934713014895e-02 2.604120623551490956e-03
3.091000473010346600e-03 3.494958823459580304e-04
3.088244294694620154e-02 2.629343022452516540e-03
nan nan
5.182014762172400257e-02 3.162839868720931924e-02
nan nan
nan nan
1.646724638990004069e-02 2.584182878315965937e-03
4.321706286361609584e-03 7.931876947209077697e-03
nan nan
2.534079249486070537e-02 2.378487945822915957e-03
nan nan
4.388552977301939106e-02 8.824729125868841298e-03
1.438631135554896412e-02 9.968735573921245433e-04
3.052549630778121637e-02 3.059937571705343643e-03
4.087080279526755094e-02 nan
3.166526473867910946e-02 2.461993638462812994e-03
nan nan
nan nan
nan nan
5.100268222088887027e-03 9.623694933816508840e-04
nan nan
nan nan
1.891878145701584440e-02 1.534318280021666888e-03
nan nan
2.454486795496725604e-02 2.022814730929506366e-02
2.717773730919904179e-02 2.843362579887626519e-03
nan nan
2.777500533934955732e-02 2.508044773442562672e-03
nan nan
2.353553969696028925e-02 1.791782021408900487e-03
8.537547635092292489e-03 9.743526426511702875e-04
2.128799426609384246e-02 2.345925296062132282e-03
nan nan
8.179267489434857707e-03 8.134989976967915660e-04
2.260428737678681077e-02 2.528764520775455930e-03
1.209197247915422269e-02 1.574251034675665803e-03
1.219761589984428435e-02 1.288248736576715625e-01
nan nan
3.035812941847798596e-02 5.706528775906810798e-03
nan nan
9.513536738815556865e-03 5.178708722980991230e-04
3.254016622871328066e-03 4.508694479299239018e-04
nan nan
2.002523952179036809e-02 2.121461595105364559e-03
2.364418738747900428e-02 nan
nan nan
3.254207711702525319e-02 2.223850291452243721e-03
1.909712073662497497e-02 3.334991138408306775e-03
8.325425229243389041e-03 6.566541111494470732e-04
8.302005345456098945e-03 1.043045572300197073e-03
2.052369926375563133e-02 1.525960569342666362e-03
3.624398214276863123e-02 2.732781546797739998e-03
2.063382454807176358e-02 1.917848418878214225e-03
3.830685079515112716e-03 1.544251459246235442e-02
nan nan
nan nan
nan nan
nan nan
1.344603899665468456e-02 2.682044976208331974e-02
nan nan
nan nan
7.967218714956166839e-04 nan
nan nan
4.454747570457624067e-03 1.319783522322650346e-03
1.060144399269330115e-02 7.601706000310075274e-04
1.380518930884536491e-02 9.575640057855600148e-04
nan nan
nan nan
nan nan
3.556668594064713897e-03 6.213211762821008784e-04
2.296974658293953961e-02 1.279053820887898936e-03
2.249776449696631875e-02 1.892253658260327530e-03
nan nan
1.356046412305462155e-02 1.381981376029791080e-03
3.540950096706742267e-02 4.026664360520668985e-03
nan nan
8.544485306392513024e-03 5.718211006833529573e-04
2.571747108535786877e-02 2.808818313351771866e-03
2.147496911108273329e-02 1.628525591161444040e-03
nan nan
8.500659658269731078e-03 7.831918733046195139e-04
2.057999634585949006e-02 2.362643836403423726e-03
3.232778199971651778e-02 3.416267164959969471e-03
1.658907754383971700e-02 1.356992927645551093e-03
2.404347240949719980e-02 nan
2.413130321806700521e-02 2.336477358193007371e-03
1.251721058424640903e-02 9.281390574873857324e-03
nan nan
6.450959973884265800e-03 3.591254070214745363e-03
1.523559078631184921e-02 1.689406397981880808e-03
2.552270863185670743e-02 3.157182233447677986e-03
nan nan
1.031668952003158418e-02 6.875498899301392105e-04
1.504872826165806407e-02 2.144122221924795423e-03
3.008011635106575682e-02 6.829219126390275070e-03
5.327136946845376086e-03 9.897311335974388717e-04
nan nan
nan nan
7.231842831292183138e-03 7.578515060128187012e-04
5.605280677252969662e-03 6.025924864176951780e-04
3.153262396024504588e-02 2.195260874075415439e-03
2.902657529171919631e-02 2.400030057762676632e-03
4.534887075705764520e-02 7.361201011166642640e-03
4.105389333850688327e-02 5.787587362811619576e-03
3.674443868666045498e-02 2.480084648711118264e-03
1.324287093334773277e-02 7.315257702945436591e-04
2.089708400104938607e-02 1.025656296580135457e-03
1.654900014566386890e-03 1.281025935392382346e-03
4.368153221924263958e-05 2.867314160617638663e+02
nan nan
5.470795779261571762e-02 5.561634423122279597e-03
1.087536320582047251e-02 8.501041221600290181e-04
1.655833982536616955e-02 2.419274466721291726e-03
6.634204480601171156e-03 1.263359866478674107e-03
nan nan
4.006454970325003945e-03 nan
nan nan
1.047483556296842366e-02 9.755715215923731892e-04
4.590340976898445863e-02 4.884849581456908799e-03
1.403880900913865790e-02 1.039509527847653353e-02
2.201957631598029999e-02 3.759302253929268194e-03
2.757084374296001755e-02 2.994260071767436936e-03
1.989081104409620021e-02 1.713118098931140426e-03
3.462231458455179711e-02 2.896274594767476052e-03
1.101640887234467056e-02 1.268709118816926376e-03
2.875494268388141539e-02 4.216019241812708415e-03
3.940713102628155828e-02 8.454304816464168759e-01
2.227269760477873853e-03 nan
1.730366913659548084e-03 7.429851712324288867e-04
2.143048658731318279e-02 1.734213783233985381e-02
nan nan
9.098930508196653028e-03 1.437361226341643539e-02
2.785348805660201738e-02 2.847947348477033666e-03
nan nan
2.006683066316031910e-02 1.776640644804322903e-03
nan nan
1.203234459116749380e-02 1.155425707315856348e-03
3.108900527263148972e-02 4.604362592193865858e-03
2.157379363765084268e-02 9.358715827502847584e-03
2.219106891714076393e-02 1.816993648157506219e-03
2.405405060012417301e-02 2.276700304657410835e-03
nan nan
5.202149363733843054e-03 nan
7.047221680256508455e-03 7.076942288166117399e-04
nan nan
3.071246171034584110e-02 3.219046264447326163e-03
2.016758078789624917e-02 1.000824757540464370e-03
nan nan
1.234151579070894272e-03 5.185381646746925303e-03
2.472617676131405595e-02 2.886552205681882678e-03
1.117271478230979359e-02 8.351235707885961909e-04
3.011953309980551149e-03 nan
1.095808020043361093e-02 8.945577370306069358e-04
2.475860799061462350e-02 3.947962854029964108e-03
nan nan
nan nan
nan nan
2.705039710817573433e-03 1.136957796891154915e-03
1.332300791405482791e-02 1.620517582012105749e-03
nan nan
nan nan
1.805358621826796614e-02 1.060386627728975755e-03
2.196395285041531989e-02 1.138748787827093684e-02
1.105375667434108783e-02 7.660531451948193217e-04
nan nan
nan nan
nan nan
1.332132352735991912e-02 8.632290175861345597e-04
4.020628241335390263e-02 nan
1.962666271208751007e-02 4.145758711701673545e-03
2.951176626568037531e-02 3.785718483736864037e-01
nan nan
nan nan
1.837569044933779969e-02 5.156737805356090623e-03
nan nan
nan nan
2.865255169312688061e-02 3.048502270783117959e-03
1.439856683254948228e-02 2.776737496699758622e-03
3.272987575323259291e-02 4.753410154381805530e-03
nan nan
nan nan
2.214732889021139850e-02 1.991970457384021828e-02
2.931209960944143600e-02 3.131528862737122370e-03
nan nan
1.981289025070923082e-02 3.573252672810811690e-03
2.674439801474736561e-02 1.676208781527863036e-03
9.201064298542040165e-03 6.383406490564809150e-04
nan nan
2.834726884748979547e-02 1.872270556986349935e-03
3.338949602248683125e-03 1.285294364637454539e-03
2.001598351572439483e-02 4.086320411679769324e-03
3.293284502050758400e-02 nan
1.601198744881600355e-02 1.119599726452938371e-02
3.116846636106226226e-03 2.998138122665364321e-04
2.486742828362584201e-02 2.937888323078085163e-03
3.903498474697063292e-02 4.731815405906654101e-03
6.899350044403979032e-03 7.364422492096632349e-04
nan nan
3.630222513012232310e-02 8.163050186608745637e-03
1.170439896894908891e-02 1.206780658044627865e-03
6.000028074715190764e-03 6.258227396505226326e-04
nan nan
1.578514742005138541e-02 1.302050990267244199e-03
2.370500095966813006e-02 1.359647284594000778e-03
4.638134734403012716e-03 6.628102381512675917e-04
2.215383629517805875e-02 3.514632394791405469e-03
7.280624731520645571e-03 1.514279669262557151e-03
2.412139028644097807e-02 3.096484655432404920e-02
2.431082231371767960e-02 2.089843549179365694e-03
9.392534486088028461e-03 2.159027391620978262e-03
1.628928272097684288e-02 8.883330411189389875e-03
