nan nan
nan nan
nan nan
nan nan
nan nan
nan nan
3.810975283423443868e-03 4.167114998525728309e-02
nan nan
nan nan
3.914772003136852280e-03 nan
3.812746613402892386e-03 1.253811663033872672e-03
2.904577125067740739e-02 7.073985358413903239e-03
nan nan
1.082183448869135020e-02 8.892936444748656029e-04
nan nan
nan nan
nan nan
nan nan
nan nan
nan nan
nan nan
nan nan
6.368064230740638938e-03 5.584892776931543994e-04
nan nan
2.179574093032793022e-02 2.119934771349522417e-03
1.217852345806245788e-02 8.241946732663220018e-03
1.859278737347361786e-03 nan
nan nan
nan nan
2.606409532345168104e-02 3.169322609309336951e-03
nan nan
nan nan
1.879169714229698973e-02 1.602751939621125613e-03
1.554061407299396277e-02 nan
nan nan
nan nan
nan nan
nan nan
nan nan
1.001388470874874873e-03 2.474313697856378100e-02
1.043762446363308456e-02 nan
nan nan
2.547097358924972979e-03 9.190078389473078967e-04
3.460485070040918154e-02 1.292151603086844763e-02
1.712466577151205678e-03 1.501436301410162327e-03
nan nan
1.526489427797011968e-04 6.330852791053163564e+00
nan nan
nan nan
4.934044569369406934e-03 5.128975950496639539e-04
nan nan
nan nan
nan nan
nan nan
nan nan
3.626221228253001354e-03 1.231255696847633092e-03
4.544747530911600296e-03 8.078410700355469209e-04
5.473119891229595579e-03 5.615962972021558246e-04
nan nan
nan nan
nan nan
nan nan
3.552404879509701938e-03 5.277814429135300241e-04
nan nan
nan nan
3.575338730107789284e-03 1.201833856214601847e-03
nan nan
nan nan
nan nan
2.243273729732750757e-02 2.783886073443303261e-03
1.727896315326335171e-03 nan
nan nan
nan nan
nan nan
1.445021742275906648e-03 6.089744337104711566e-03
nan nan
1.533694130471144248e-03 4.207549275637627838e-03
nan nan
nan nan
nan nan
4.556575656802404339e-03 9.961468093339720734e-04
nan nan
1.074737249811338153e-03 9.913032822121923063e-03
1.155091594424898210e-03 4.383848077018769919e-03
1.038354383069899078e-02 1.277734666097045347e-03
nan nan
nan nan
nan nan
nan nan
9.171170259943664874e-03 1.108835416459956220e-03
nan nan
nan nan
nan nan
1.152820148568719540e-03 7.311897150118792932e-02
nan nan
1.442063745863004717e-02 1.448115103289564004e-03
nan nan
nan nan
nan nan
1.777782388507490041e-02 1.642072913085820124e-03
nan nan
nan nan
nan nan
1.962337836972408503e-02 2.555090632081259173e-03
9.445804711594316810e-03 1.463943427208847176e-03
nan nan
nan nan
1.640622050917426092e-02 2.857755121585015077e-03
1.058834866703259846e-02 2.293023027785898865e-02
7.076873412251056226e-03 6.837667305871899604e-04
1.780875398740131531e-03 8.181073464836630419e-04
3.972101047002028068e-02 5.110280083240302702e-03
nan nan
1.416765019257702068e-02 1.435563171420092691e-03
8.948570930339058704e-04 2.630136083910138492e-02
nan nan
1.081591395376178214e-04 1.749679306072091478e+01
3.390277866554977648e-03 1.613990009882500243e-03
nan nan
nan nan
4.964220776710260435e-03 1.181663606991417356e-02
nan nan
4.360326880990752010e-03 1.278071537191055075e-03
2.101113767717392028e-02 2.671712645281042273e-03
2.943660958914577977e-02 3.165506749158508888e-03
3.205076854661667238e-04 2.012072895873935785e+00
1.436290083987196327e-02 1.358716047258442432e-03
nan nan
nan nan
nan nan
3.774548957788688604e-03 4.578631633723120203e-04
2.005443863480145441e-03 2.457560350230836646e-03
4.941042186044782535e-03 3.202060298574831154e-03
nan nan
1.092629048715118567e-02 2.043743870156328711e-03
3.570863911411351413e-03 6.643565352762026551e-04
nan nan
1.599172506272245747e-02 1.884662377453134559e-03
4.378558416047621110e-03 1.393756289158462917e-03
1.230502216653071206e-03 6.222057073343049138e-01
nan nan
nan nan
6.989875389797116020e-03 2.301536365245695961e-03
2.278836919917240009e-02 6.069306214997849391e-03
nan nan
2.281430905193359768e-02 3.576380312039459039e-03
nan nan
1.124469284080415951e-02 1.459030401239044209e-03
1.140083471387647734e-02 1.565518036270002527e-03
1.600432212200537940e-02 2.286759830284130698e-03
nan nan
nan nan
nan nan
nan nan
nan nan
3.771434063605955123e-02 2.574907303950766009e-03
nan nan
nan nan
3.172588543000915123e-03 9.478495836593896565e-04
3.490208232591345341e-03 6.898545651895698948e-04
nan nan
nan nan
1.110229727556077614e-02 1.323041697846353464e-03
2.438708298160854882e-02 2.022429020665503230e-03
1.121996024219431252e-02 8.975640298341914331e-04
nan nan
nan nan
nan nan
nan nan
nan nan
nan nan
nan nan
1.930916377204643097e-02 2.545282363849977331e-03
3.243721747743840561e-03 6.699840127901686513e-04
6.986014788328637204e-03 7.456596759762059703e-04
1.177589437066491225e-03 3.948905715502017966e-01
nan nan
nan nan
nan nan
nan nan
3.253813169662500560e-03 5.926027606128948409e-04
nan nan
9.782616169467957517e-04 9.323316436979164554e-03
1.209151150101824251e-04 2.058700127236016897e+01
3.970123861209139821e-02 1.033119362877518363e-02
nan nan
2.216835872412599093e-03 1.514172426984471045e-03
nan nan
nan nan
nan nan
2.861154590709722324e-03 1.035367279058614469e-03
2.004764557055328106e-02 2.340888184032676421e-03
nan nan
nan nan
1.206968437531842284e-02 1.578330852523893678e-03
1.055443332476559831e-03 1.125985296237066308e-02
nan nan
nan nan
4.722082665020545418e-03 nan
nan nan
nan nan
nan nan
nan nan
nan nan
9.002199480525344350e-04 3.156776049265763023e-02
nan nan
1.387395596099014541e-02 1.362510490392544434e-03
7.052726745742063201e-03 1.127794913687847492e-03
1.167616399557409347e-02 1.890536373724198459e-03
1.225298389749095856e-02 1.531146149352168159e-03
nan nan
nan nan
1.778428222937608605e-02 3.438443201047368652e-03
7.522286327666459493e-03 1.193420139032174603e-03
2.000328316082019501e-03 7.941000420316106714e-04
nan nan
nan nan
nan nan
9.943037759808858247e-03 1.142823413811408159e-03
1.841429902590732519e-03 3.397199794179215932e-03
nan nan
2.492361788600858108e-02 3.171474786858651668e-03
nan nan
8.632880669783389235e-03 8.567285094694801267e-04
3.504713914483224835e-02 3.916524353404377164e-03
nan nan
1.045203370593214207e-02 6.128871652255414755e-03
4.928418972899020409e-03 nan
2.159465501482197951e-04 nan
9.170553140192595071e-03 1.241136114101797777e-03
9.265040739512083942e-03 nan
nan nan
1.193045884447134155e-04 8.197365410489452131e+01
1.570062295978888814e-02 2.128337791436489806e-03
3.717403922240641173e-02 nan
nan nan
1.380981960958596252e-02 1.160349029063843752e-03
nan nan
nan nan
1.473871398701304819e-02 1.452992799689221265e-03
nan nan
nan nan
1.186279038544210164e-02 2.940917553027516500e-03
nan nan
nan nan
nan nan
2.046454050721131443e-02 nan
nan nan
nan nan
nan nan
2.731713927556456492e-02 9.979999457753503320e-03
nan nan
3.813878928091175846e-02 nan
nan nan
9.609845512916781202e-04 1.040908371417654243e-01
nan nan
9.004925707684376807e-03 9.312930078251490870e-04
1.939943992775803455e-02 6.423763394388962329e-03
1.270292580063980999e-02 nan
1.222784953750482087e-02 3.006810387932841618e-03
nan nan
nan nan
nan nan
nan nan
5.294499614095925406e-04 5.336879002992542080e-03
5.051235567623376527e-02 5.496430700832219580e-03
2.182135116974361425e-02 2.366575047032901547e-03
nan nan
5.363384212580802040e-04 6.888979834910378616e-03
nan nan
4.973341299110975618e-03 2.958307993551438468e-03
nan nan
7.282715483788304925e-03 1.756402292061432771e-03
nan nan
nan nan
1.885777059387312715e-02 1.373719451046233591e-03
nan nan
3.624074989209236791e-03 nan
nan nan
nan nan
nan nan
nan nan
nan nan
1.648912296925887644e-02 nan
nan nan
1.269822167261703411e-02 9.869506455625406006e-04
1.437895938818136571e-02 2.327651577716027820e-03
nan nan
nan nan
1.866211570843244461e-02 nan
nan nan
1.320212059988924193e-02 1.139469449240025330e-03
nan nan
1.036669086916361046e-02 1.647415053409997726e-03
1.504408679676446509e-02 2.036641066895316168e-03
nan nan
nan nan
nan nan
nan nan
1.590656937640679697e-02 1.232106243347922932e-03
nan nan
nan nan
nan nan
2.622535588784494741e-03 nan
1.801666728815111418e-02 1.684209868749979603e-03
nan nan
nan nan
1.014693672964593792e-02 2.919776791570995612e-03
nan nan
nan nan
nan nan
1.807358804206639358e-02 nan
3.532550754458991995e-03 8.042326125195035360e-04
7.243632031840715677e-03 1.162558801821687339e-03
nan nan
nan nan
2.109068962674195968e-03 1.085785197003919390e-03
nan nan
nan nan
nan nan
2.160520702984893016e-02 2.967664624657232689e-03
1.399234649567915149e-02 nan
1.105182873133133022e-02 9.858472519189542121e-04
nan nan
nan nan
nan nan
nan nan
1.160849644581474910e-02 1.176771855014268871e-03
1.406085699443328577e-02 nan
3.069066082630374920e-02 nan
3.961729952754520362e-02 2.036460337108994892e-02
nan nan
nan nan
nan nan
nan nan
1.178479010041143769e-02 7.593680596210461214e-04
nan nan
nan nan
2.760683390406284965e-02 9.830317250872824125e-03
2.535020029022161392e-02 nan
nan nan
1.508970593719630333e-02 1.847162262027602156e-03
6.687852732877863637e-03 8.088135974143871240e-03
1.734332628533066453e-02 1.507847846943964490e-03
nan nan
nan nan
nan nan
nan nan
nan nan
nan nan
nan nan
3.260501191824775533e-03 4.055994498126247461e-02
nan nan
2.699087101303545774e-02 2.072928853582591685e-03
nan nan
9.218988118800886672e-03 1.078054653079485274e-02
5.569676759712055558e-02 6.581544705618357950e-03
nan nan
nan nan
1.560467794377962472e-02 1.286207890375856092e-03
nan nan
nan nan
2.879853526693636201e-02 nan
1.202569966351773288e-02 8.115340264029675260e-04
nan nan
1.945689387743068308e-02 2.766086801421748908e-03
2.008716500143346156e-02 3.707953404169374995e-03
2.104097112022186924e-02 5.502866346131634126e-03
nan nan
nan nan
2.595211297571700659e-02 6.150753529665911080e-03
nan nan
nan nan
nan nan
8.592815957744113359e-03 7.149173535114236111e-04
nan nan
nan nan
nan nan
3.463783127384195866e-03 1.113182017280317038e-03
nan nan
nan nan
8.726837438756705756e-03 8.394987836751654966e-04
nan nan
3.206653363777361987e-02 9.077528107432838306e-03
nan nan
nan nan
nan nan
nan nan
nan nan
nan nan
9.234146273838545957e-03 6.586174948736112870e-04
nan nan
1.139527853132721487e-02 7.272632986627977462e-04
nan nan
nan nan
6.352992097481647768e-04 8.986628397535651944e-03
nan nan
1.319882410061107335e-03 3.007463794369097734e-02
nan nan
nan nan
1.175690329421702485e-02 9.443927053521927305e-04
4.446499679380588876e-02 8.121799030373572439e-03
nan nan
1.055688724330603942e-02 2.190832457653257934e-03
nan nan
nan nan
nan nan
nan nan
2.911761182184990741e-03 5.885849058692193322e-04
nan nan
8.778702590666698918e-03 1.316100672651484595e-03
9.766250775561905254e-03 1.885878712878140103e-03
nan nan
nan nan
nan nan
1.948991574747028360e-02 1.645411836488723609e-03
4.528090707916794522e-02 6.590800028506846146e-03
nan nan
7.028510932274953382e-03 6.741626836582122499e-04
nan nan
nan nan
1.620084743047288736e-02 2.107482636161078175e-03
8.629622440677798059e-03 1.110118249086854006e-03
nan nan
nan nan
nan nan
nan nan
nan nan
7.508039215568976937e-03 7.328308072317630574e-04
nan nan
2.542689309228313155e-02 2.873327933607487499e-03
nan nan
1.094635583501180721e-04 3.799488864041565250e+01
nan nan
nan nan
1.561075607004814431e-02 2.022803853504364941e-03
nan nan
nan nan
3.396135212777373191e-03 nan
3.098816852970816271e-03 3.952952527701663319e-04
3.747370388277661279e-02 5.691264437068380318e-03
nan nan
2.368043552726853754e-02 7.807261237394690946e-03
nan nan
1.717656486930770141e-03 2.508306512718076406e-03
4.278427932221790658e-03 7.741466464255461997e-04
nan nan
nan nan
nan nan
nan nan
9.157966270200256290e-03 1.315841367324551304e-03
nan nan
nan nan
nan nan
nan nan
2.329053171378943788e-03 6.754105472582128643e-03
nan nan
1.761091011298422269e-03 nan
nan nan
nan nan
nan nan
4.131969548567520495e-03 5.608442732407660719e-04
1.080761276787933420e-02 1.147905422260128835e-03
8.956019682038275642e-03 nan
nan nan
nan nan
nan nan
nan nan
nan nan
nan nan
nan nan
nan nan
nan nan
3.188063271019556111e-02 7.884933560073926692e-03
1.384499823458109485e-02 1.435704926172698534e-03
4.091691089484067456e-03 4.691105806867337368e-04
nan nan
4.926616556218805371e-03 nan
nan nan
nan nan
nan nan
2.541248444942774409e-02 2.992738289852252438e-03
nan nan
nan nan
1.238090531441362122e-02 2.659762085092419199e-03
1.993754247695768769e-02 nan
nan nan
nan nan
1.430051382822025360e-02 3.316192367950606106e-03
nan nan
nan nan
6.748992870512360645e-03 8.934730769963822403e-04
1.923151117152164819e-03 1.195243559138099883e-03
nan nan
2.357927204254633979e-02 nan
nan nan
nan nan
nan nan
3.670239607652000385e-03 5.731833391241465204e-04
3.222967295065351685e-03 5.952947007910383819e-04
nan nan
nan nan
nan nan
2.251152610082520628e-02 2.375129490588027362e-03
nan nan
1.311173433826315175e-02 1.073335791177996079e-03
4.853004684771466959e-02 6.738907636564653129e-03
nan nan
nan nan
3.781120084458972595e-03 7.287040022700460706e-04
nan nan
nan nan
1.194625237421257161e-02 1.502280692788780922e-03
7.957200760019786032e-03 7.757257910462379575e-04
4.063516328967735347e-02 1.738614663112357864e-02
1.371689679845881395e-02 1.383923840113883419e-03
nan nan
nan nan
nan nan
nan nan
3.425504344753299048e-03 1.072158551392001858e-03
nan nan
2.608025832340274755e-02 1.921157344495858866e-03
nan nan
nan nan
nan nan
nan nan
1.273460743036081144e-03 7.838972261344013745e-03
nan nan
nan nan
1.702681901166788400e-02 3.726348448625588488e-03
nan nan
nan nan
nan nan
nan nan
1.590640778622936374e-02 2.761005275074698232e-03
1.607254576743277069e-02 1.246083479052694258e-03
1.410419944846168921e-02 3.107673886391877031e-03
nan nan
2.724232394141220138e-03 2.950628322114955864e-04
nan nan
nan nan
2.969154612838546120e-02 2.791153638266633766e-03
nan nan
nan nan
2.853831387040427735e-03 nan
nan nan
nan nan
2.268414823140923325e-02 4.735043677879532432e-03
1.400828500803391607e-02 2.170558950248351743e-03
nan nan
1.803139204695884852e-03 4.890607158916294994e-03
nan nan
nan nan
7.437821600779766923e-03 1.200767577837461193e-03
nan nan
6.060430070586497048e-03 7.359980790514592495e-04
1.043745819818681780e-02 nan
nan nan
nan nan
2.714929352833912301e-03 1.315939988182064516e-03
nan nan
nan nan
nan nan
1.023909994039222393e-02 1.197783883054165822e-03
4.522684619457159952e-03 3.636388237520735015e-04
nan nan
5.411369283473142821e-04 5.595593527944374250e-03
nan nan
1.092211447255185888e-02 1.392448500283075289e-03
2.006225654991516949e-02 1.512256218470074080e-03
1.425780982834402508e-02 3.005615001831066658e-03
nan nan
nan nan
nan nan
nan nan
nan nan
6.574363038720875199e-03 5.786849913032326336e-04
nan nan
nan nan
nan nan
1.766507906210433923e-02 1.806923423190824607e-03
3.172893706475764242e-02 nan
2.423875253422541447e-03 4.214301167636087461e-03
nan nan
nan nan
3.819855870147203462e-03 4.141147402871162074e-04
nan nan
3.312097001503486529e-03 1.539169280553785192e-02
nan nan
1.690714443784673785e-03 7.257895724006192123e-04
2.701238858402987483e-03 5.135397550741331325e-04
nan nan
9.027231467007349169e-05 2.942145449592455364e+01
1.688230855534659375e-03 4.010166515158397615e-03
nan nan
3.884278221562202302e-03 3.652980261535650024e-04
5.774959070775748625e-04 1.222498067764360950e-02
nan nan
6.120185476572616648e-03 8.181311601357777298e-04
nan nan
8.597621988363583420e-03 9.157762288493019034e-04
6.272218882633336188e-04 6.515374172805233656e-03
nan nan
4.468277616353403744e-03 6.319035228240149410e-04
1.290980961656271360e-02 1.367387291280026214e-03
nan nan
1.426320090022187965e-04 8.235627938373960788e+00
nan nan
nan nan
nan nan
nan nan
2.751879746589795672e-03 nan
nan nan
nan nan
nan nan
nan nan
1.028021920838234626e-02 1.064450349703260695e-03
nan nan
3.677960646029182490e-03 2.854729931409935584e-03
nan nan
nan nan
7.485695570586133572e-04 8.649311959612203740e-03
1.710050476691062776e-02 2.268954338629187734e-03
7.765202282604997258e-03 1.664800097166552499e-03
1.528072306269032815e-02 7.897025680252465043e-04
1.683805312803155624e-02 2.189021298733703769e-03
1.538084531408846593e-02 1.547068421111490264e-03
nan nan
nan nan
nan nan
9.871331964323255478e-04 1.703187619227612692e-02
2.459371664088455360e-03 2.516014629300627678e-03
5.569095010756131697e-03 1.050183927474670738e-03
7.880925014535451398e-03 5.611160681712371685e-04
nan nan
2.971632193348889422e-02 2.548543552071239754e-03
nan nan
nan nan
1.087683484743885102e-03 1.747657416354542886e-02
1.907217413291192529e-02 1.923517566947071343e-03
2.100926946481504118e-02 1.492808314964353409e-03
1.518227773128386592e-04 1.604831430591868369e+01
1.071945514367510580e-02 1.006134258681752342e-03
2.696651940797171673e-02 2.289136711658034794e-03
nan nan
5.241983143615781132e-03 nan
1.369364502919300820e-02 9.165865580948820987e-04
3.139400941523078081e-02 3.467926315160089947e-03
2.057986656738323809e-03 nan
3.057305018604495814e-02 1.222038543314025137e-02
8.390465481883864138e-03 nan
nan nan
nan nan
2.548603215236054653e-03 4.055871051235405739e-04
1.355508051786320431e-02 1.108109843870586173e-03
nan nan
nan nan
nan nan
1.213280252143660726e-02 1.679764291298617212e-03
nan nan
nan nan
nan nan
3.046782510787331838e-02 9.883101628149740595e-03
2.162327137553757793e-03 2.585544170676951688e-03
1.102938350961824715e-02 2.088858201811180041e-03
1.337433378758566722e-02 1.266933235364120806e-03
nan nan
1.820907731460600851e-02 nan
nan nan
1.160832013562637140e-04 1.052262249013623041e+01
2.523552368347083390e-03 nan
nan nan
nan nan
1.804447689795358675e-03 1.594847270466850236e-02
nan nan
nan nan
nan nan
9.953016377579181756e-03 1.992909263211117138e-03
1.798274256864889134e-02 1.680031057438179662e-03
nan nan
1.173619883874532990e-02 2.341681466088310279e-03
nan nan
nan nan
8.315712349592984179e-03 6.632533985622619029e-04
nan nan
2.580208187902919420e-02 2.521049640487648628e-03
nan nan
nan nan
nan nan
nan nan
1.442366524528078051e-02 1.239633526292854967e-03
nan nan
2.407115561290263869e-02 2.030273051937844190e-03
2.623980936867820885e-02 3.636139805181999671e-03
5.535924665471845391e-03 5.673549556162771389e-04
4.847526279479949171e-03 1.260843145543266881e-03
nan nan
2.368246993217814917e-03 nan
nan nan
1.077263538412285421e-02 1.421642101115055869e-03
nan nan
nan nan
nan nan
7.032115931426630509e-03 8.010077468606621384e-04
nan nan
nan nan
nan nan
nan nan
9.207382122378295064e-03 2.355330104860592529e-03
7.164321155356097315e-03 5.517659117447586440e-04
2.526354290252529403e-02 4.291053467981775262e-03
5.827680287314247060e-03 6.030881772667528139e-04
2.732214681411866773e-03 7.581212041550631359e-04
nan nan
nan nan
nan nan
nan nan
4.943493886518459963e-04 4.424045479842065969e-03
nan nan
nan nan
nan nan
nan nan
nan nan
7.015619569725538296e-02 1.044317768314506623e-02
nan nan
nan nan
2.331601802012064559e-02 3.648220707342760515e-03
nan nan
5.464505954174663470e-03 6.721371030214077624e-04
1.378288091808178330e-03 3.337315227823773461e-02
nan nan
2.885864247054834020e-02 5.171039307942001430e-03
nan nan
nan nan
5.856516199358527928e-03 6.449710174644113616e-04
2.360783651616824713e-03 1.346401766784350532e-03
nan nan
1.079139973849017539e-02 1.020489262079168772e-03
nan nan
8.696683444237754412e-03 1.819162840858341975e-03
nan nan
nan nan
nan nan
4.365622239344507313e-03 6.369887389167500601e-04
2.100562488886368803e-02 2.401397392299671040e-03
nan nan
nan nan
nan nan
nan nan
nan nan
nan nan
9.689199757664844828e-03 6.274128774996658555e-04
2.114257149234346003e-02 1.914855006723357577e-03
nan nan
2.277576873872926011e-02 1.647787759592533180e-02
nan nan
1.382056728826854160e-02 1.180155018790292462e-03
nan nan
nan nan
nan nan
5.288303902995311612e-03 4.737273090373731246e-04
nan nan
nan nan
2.458074293661819017e-03 3.446650639049920507e-03
3.963526125381928306e-02 5.580769596798144071e-03
nan nan
nan nan
5.000000258038390238e-03 5.176210455635854666e-04
6.393200691876111882e-03 nan
2.134270899998784443e-03 7.655458266854602836e-04
2.634799821677316981e-02 3.220509759730766450e-03
1.620175935331982613e-03 nan
nan nan
nan nan
2.762466991667098318e-02 2.735725411983558862e-03
2.051912186482590574e-03 9.902620664165803516e-04
nan nan
nan nan
1.633267142659580382e-02 nan
nan nan
6.333098564937376940e-03 nan
7.068291737173035272e-04 1.198696838049946069e-02
2.285400152888372727e-02 nan
nan nan
nan nan
1.795053330503793357e-02 nan
9.924146746074186815e-03 1.331706186406456886e-03
1.627028568504423206e-02 1.721643786959824477e-03
nan nan
nan nan
nan nan
2.861518571701300237e-02 1.694717639510257999e-03
2.269096654822494799e-03 7.554434657116913462e-03
7.646836475104250817e-03 1.266579662450777058e-03
8.261862122883082207e-03 8.710416005280080531e-03
2.120323516625454568e-04 4.861201329231827017e+00
5.598764983681253637e-03 nan
nan nan
2.009645403335208816e-02 3.671477375342623549e-03
nan nan
1.777707172519936603e-03 3.120252577249606196e-03
nan nan
nan nan
3.183990710899983236e-03 nan
nan nan
nan nan
1.357776642648251750e-02 1.182188629921745657e-03
4.792040028962968323e-03 4.785815218400625939e-04
9.969141243855757575e-03 1.568933561010971405e-03
2.022790564068639024e-02 2.797866918242855865e-03
4.141826082623430161e-03 nan
nan nan
5.658220133818234535e-03 7.833988628472910495e-04
8.163656004310241437e-03 6.413126577042205147e-04
2.077897400039703611e-03 2.773294407682936388e-03
1.359677601207574284e-03 3.385099891817345830e-01
2.341085373417740867e-02 1.609838740689528312e-03
5.419557042799312899e-03 9.943880822971698594e-04
8.646904415126931490e-03 1.021793526484611990e-03
4.758612923870526173e-02 4.561390356367754639e-02
1.974854509256058349e-02 1.962959290398916083e-03
nan nan
3.938126423530211896e-03 5.559899835582202262e-04
nan nan
2.954608805394445641e-03 5.356751890888887492e-04
2.531349508772004486e-02 1.305995332406660950e-02
7.200286978501019980e-03 nan
2.732069106251950978e-03 6.054381105415918571e-04
1.193805253349005183e-02 7.747415366843895439e-04
7.142743293460951728e-03 nan
nan nan
2.476195718849654240e-02 8.799973225265579624e-03
2.227144774611853478e-02 2.301974746388673557e-03
1.930071917350374699e-02 3.697407411365874735e-03
1.925176261536661396e-02 3.098425281457548378e-03
nan nan
nan nan
3.805666524790439053e-03 4.956377218854274638e-04
nan nan
nan nan
nan nan
2.712832796404341437e-03 2.192488343759818928e-04
1.690724312267286901e-03 4.923681524527724271e-03
nan nan
nan nan
4.055545423497675106e-03 1.140699535335080528e-03
7.533626268882083780e-04 3.760369736628240561e-02
nan nan
nan nan
2.958854883479319561e-02 3.643095467445291516e-03
6.321195931238221891e-04 8.290848406259546111e-02
1.420004113639094113e-03 1.714422595590174223e-02
nan nan
nan nan
nan nan
nan nan
2.807453360643883886e-02 2.653544028648084641e-03
nan nan
2.139665981937935273e-03 7.722866832529564490e-04
nan nan
nan nan
nan nan
nan nan
2.270235730420435728e-03 3.405378342284723489e-04
nan nan
4.435371925590579460e-03 1.328937243248951711e-02
5.777303365734133209e-03 6.065026887005808484e-03
2.493130510406353119e-03 7.617405851523968143e-04
1.624165078522740030e-02 1.037757225236691323e-03
nan nan
1.731713532200077586e-03 1.908628645779290390e-03
nan nan
2.299347674543950754e-02 2.526069583554983993e-03
nan nan
nan nan
2.804539233061212680e-03 nan
nan nan
1.176493809752653108e-02 1.086082111249487636e-03
nan nan
nan nan
nan nan
nan nan
nan nan
1.007237408512579556e-02 1.793077537850475437e-03
5.780887267862125888e-03 3.780887937829959335e-04
1.097486312673280227e-03 1.020814465916994145e-02
1.760847205522837397e-02 2.724942712534910577e-03
2.334133288189495919e-02 3.132030818847311628e-03
6.316335241738668975e-04 4.761778070885233638e-02
nan nan
6.320708410950040892e-03 6.181183457852412050e-03
6.687011618812162619e-03 6.059126533085342327e-04
3.544362850752568773e-03 5.025128317458746330e-02
9.059160112452039129e-03 nan
nan nan
nan nan
nan nan
nan nan
nan nan
1.092956150363930817e-02 2.394120699825702178e-03
3.207506389504067613e-03 6.650585178560520410e-04
nan nan
4.677294581589021977e-03 3.275569741029547171e-04
nan nan
1.620578482187642801e-03 nan
nan nan
nan nan
4.115790823528546472e-02 7.812740268046800343e-03
nan nan
nan nan
2.832853899185389969e-03 1.028720870348497594e-03
nan nan
nan nan
nan nan
2.295411123357496072e-02 1.437961962665526908e-03
3.755035091190007251e-03 9.848517431553175782e-04
nan nan
nan nan
nan nan
nan nan
7.780210168937651272e-03 nan
nan nan
1.547012649930657076e-02 nan
8.141469963949803795e-04 6.725508709074143332e-02
nan nan
5.697457439629468635e-03 3.697272653972139174e-03
2.870081550327034832e-03 2.078349189316252080e-03
3.511770914674535761e-03 8.844167240981194202e-04
nan nan
2.586105593564216876e-03 1.779514873168524386e-02
nan nan
nan nan
nan nan
1.376082575435852093e-02 1.446074736896034744e-03
nan nan
nan nan
5.316197463897795114e-03 1.976521886533276224e-03
2.260052950604774392e-03 nan
2.035970629969006268e-02 1.731716102979379912e-03
1.068883445673330691e-02 7.245451314980911120e-04
4.324390438834545963e-03 8.683234975692258936e-04
nan nan
4.148218766680896591e-02 nan
9.931612860824908136e-04 2.088708382798303703e-02
nan nan
nan nan
4.465411921800904738e-02 2.213909253427375629e-02
4.516548850358645915e-03 4.151995075228238365e-04
nan nan
nan nan
2.542624355386334523e-02 3.084403177744820482e-03
nan nan
nan nan
1.588214867871265206e-03 nan
nan nan
nan nan
nan nan
nan nan
3.284045803869597296e-02 1.154823564296048044e-02
nan nan
nan nan
4.660936146461949064e-02 1.186729631456882872e-02
4.010426854657050955e-03 5.968754733456557151e-04
nan nan
nan nan
1.063094510001936707e-02 1.929378720260420572e-03
2.056254146479432124e-02 1.687585275766006511e-03
1.278906469883120270e-03 nan
1.658717350027947776e-02 3.091530947973808278e-03
nan nan
nan nan
nan nan
3.013622877460334429e-02 3.205935747526649556e-03
nan nan
1.744474868798577549e-02 2.565461911172283241e-03
nan nan
3.288829980842698786e-03 8.112878732986951317e-04
2.542524841507097511e-02 1.580556034844610436e-01
nan nan
1.376773818222290502e-02 nan
3.794009992793086206e-02 2.933184774333223981e-03
1.766529722491089888e-02 1.562736393192338830e-03
2.760030207104455929e-02 2.667306596006227808e-03
nan nan
6.658625671380498769e-05 nan
nan nan
nan nan
3.956493792419231090e-04 4.072690761738779197e-01
nan nan
1.839636510427765728e-02 1.818354388616393513e-03
nan nan
nan nan
nan nan
nan nan
nan nan
8.955586575587540926e-03 1.271177505895168059e-03
nan nan
nan nan
5.632884893765604389e-03 4.949828560540859472e-04
2.842169071694997454e-03 1.832566483441690208e-03
1.233306947295519627e-04 8.914605213388279381e+00
nan nan
nan nan
nan nan
2.500250303065069957e-02 nan
nan nan
nan nan
4.048931871875414285e-03 5.935872435696432949e-03
nan nan
1.574641487552918412e-02 2.446260805765139521e-03
nan nan
nan nan
nan nan
2.094233778096101471e-03 2.226379883074963966e-03
1.481268617661959594e-02 1.050480886268644574e-02
nan nan
8.389369112659871702e-03 nan
1.334882157373049050e-02 1.645347478494941932e-03
nan nan
4.331018971412307211e-03 nan
nan nan
nan nan
1.306314550254534732e-02 1.381451945438126995e-03
nan nan
nan nan
nan nan
nan nan
1.063893508159698825e-02 1.257191818945826468e-03
2.103557274170008914e-02 2.607917132766979229e-03
nan nan
1.090102630302359522e-02 8.945854698720093548e-03
2.666618843037133271e-02 2.261707932082639757e-03
nan nan
5.588039966708262425e-03 6.104934103978961520e-04
2.012491083348268758e-03 1.008271700248051855e-03
nan nan
4.853951390900151236e-03 9.489089948838857124e-04
nan nan
nan nan
nan nan
3.635312531871715686e-02 1.811102869073687519e-02
1.561084196167893470e-02 nan
3.260488152049771833e-03 5.678061120518172787e-04
nan nan
nan nan
9.408156273454910609e-03 3.345574887284131355e-02
nan nan
nan nan
4.923515733248567602e-03 1.146777846506751930e-03
nan nan
4.611622389826055407e-02 nan
2.537533988310215153e-03 nan
1.289761487995867359e-02 1.470176165702869082e-03
1.861305246493411697e-02 7.420587636682628684e-03
nan nan
2.630475177275477458e-03 7.115090275126864997e-04
1.663912560971186850e-03 1.361076514294579922e-03
nan nan
nan nan
nan nan
7.735761701956457223e-03 5.814021810446394186e-04
1.689966478735437441e-02 nan
1.615385954532122179e-02 1.891713012696312262e-03
nan nan
7.240573703441083309e-03 6.399287190928763932e-04
1.017092880863794434e-04 2.624875834808554842e+01
3.932040532405269538e-03 4.267978722753020373e-04
5.084650043767274114e-03 9.938443667589750771e-03
1.245573484325017757e-02 2.137502678899228827e-03
nan nan
1.047976673954887153e-02 2.211728582235361531e-03
2.677700100780635445e-02 2.983760073776606150e-03
9.850170867289561455e-03 nan
nan nan
3.704660043163944885e-03 5.371342670502140659e-04
nan nan
nan nan
1.223011778267328110e-04 9.761133955715672883e+00
1.098292857345623376e-03 1.583243640644522998e-02
1.740023639439188669e-02 2.084938583341865853e-03
1.763917323331741505e-02 1.585342038119090784e-03
nan nan
nan nan
1.117447763608410416e-02 9.550459789992632367e-04
2.278934364637067236e-02 2.373197158164528850e-03
3.675897452044590581e-03 1.024200913937497797e-03
7.020113286085972321e-03 4.271031110572283212e-04
2.988971119534106213e-02 nan
3.927287095517302193e-03 1.242187715837097129e-03
3.102356347039508366e-03 7.922702298869968920e-04
5.518269197975626469e-03 7.708820554570211710e-03
1.808300580806047192e-02 nan
1.131064156059419581e-02 1.274787420801141427e-03
2.310145223015390437e-03 1.733697430287425238e-03
nan nan
nan nan
nan nan
nan nan
2.218397799891237004e-02 3.334293862744552774e-03
nan nan
nan nan
4.709216355708487414e-03 6.363070846612559972e-04
nan nan
nan nan
2.220639632014309757e-03 6.925387534277444848e-04
1.570790457784342758e-02 1.945972908101473381e-03
nan nan
1.225690471201764872e-02 nan
nan nan
nan nan
nan nan
1.712846524704362498e-03 1.981479734220227551e-03
1.352546453431168741e-03 1.072740083601176828e-02
nan nan
3.219566504901539422e-02 3.432868209883220990e-03
nan nan
nan nan
2.334797320584733674e-03 7.334903743654733535e-04
nan nan
nan nan
nan nan
9.308716634682140043e-03 9.132219006042575958e-04
nan nan
5.787186329064403049e-03 nan
1.900800331243818544e-02 1.429246410280409808e-03
nan nan
4.775124216323443915e-03 1.117253914505103932e-03
9.827900917547210610e-03 6.655457632990821690e-04
1.857471698057187436e-03 2.723245696184904002e-03
nan nan
1.033289538972506145e-04 1.951736456325415929e+02
3.952872075416233658e-03 5.189639446742069133e-04
1.827168487863363531e-03 1.251687570868024102e-03
6.206290019807136991e-04 4.900579931227522917e-02
1.504670538156640397e-03 2.879808761338690237e-01
8.921428393133486179e-03 7.408463856334403025e-04
1.514713311332325195e-02 nan
1.220042114673244860e-02 3.182620862475926769e-03
2.088069624112227907e-02 4.649754870370953128e-03
2.549532192049804719e-02 5.710000621529140452e-03
nan nan
1.995896760048020135e-02 2.308237580085917978e-03
2.529171648860101262e-02 7.803370903094557914e-03
nan nan
8.613528973326286392e-03 1.339153606511824315e-03
nan nan
nan nan
nan nan
1.565460432226297143e-03 2.231182023631280049e-03
4.136767242259302424e-03 4.801656376067971752e-04
nan nan
3.317615572811245805e-03 5.135461886878857699e-04
1.998677628930459541e-02 2.112736367528403585e-03
1.618382324970155800e-02 1.574756022063686887e-03
4.509875661579543227e-02 6.330914307007667538e-03
nan nan
1.193251287038900842e-02 9.569696377610822317e-04
nan nan
nan nan
2.440240148643794092e-03 7.236063635857153649e-04
1.748659148524142962e-02 1.866383801082457201e-03
2.325683992967339866e-02 6.851816650500864268e-03
nan nan
5.643474387527989619e-03 nan
nan nan
nan nan
nan nan
nan nan
1.487392258331157388e-02 1.559756541672140985e-03
nan nan
nan nan
nan nan
2.570969828967117378e-03 3.084079038853336507e-02
3.061638602408398111e-03 7.782179931913529381e-04
2.036636662682608095e-02 1.768514623987362975e-03
1.669407855638803395e-02 1.041646531813996074e-03
2.609413012996721418e-02 nan
2.637665186323918508e-03 3.040295536979927687e-04
9.484212788246595277e-03 6.365433665084410490e-03
2.174854316119437248e-02 3.072894205566012189e-03
3.493495083294938242e-02 nan
5.599585487165220296e-03 4.397479154763795891e-04
3.390720548203100381e-03 nan
8.368636337827240618e-03 nan
2.004803695808737157e-02 nan
nan nan
nan nan
nan nan
nan nan
nan nan
nan nan
1.557861382533522231e-03 3.458996757950476893e-03
nan nan
nan nan
nan nan
1.019201569506140298e-02 6.971097991958492661e-04
2.005766496881819863e-02 2.211106561718070938e-03
1.259276133178127526e-03 6.985411748725157792e-03
nan nan
3.054776975663442765e-03 1.470975123582911066e-03
9.984279312304071910e-03 1.368408999457831595e-03
nan nan
2.904782930178688785e-02 1.459952664535793705e-02
3.035290708535471563e-03 1.722163327387651139e-03
nan nan
nan nan
nan nan
nan nan
nan nan
2.963790279166232666e-03 7.547616853401820178e-04
nan nan
nan nan
nan nan
4.307802669907902270e-04 7.554128330272477099e-01
1.710891868059136872e-02 1.889990269384187512e-03
nan nan
8.510640574261541186e-04 6.992634637887801784e-03
1.594262340813902556e-02 1.784177466311951147e-03
nan nan
8.487447356678081561e-03 1.061368498504024552e-03
9.806684830416769610e-03 9.707522506983075642e-04
6.070052029107601138e-03 6.354472946068273533e-04
nan nan
nan nan
8.010241452695156944e-03 9.258467662338009350e-04
nan nan
3.668169816385934319e-03 5.567873762775571748e-04
nan nan
nan nan
nan nan
nan nan
7.208470291484404130e-03 1.097123149255146849e-03
2.811526275975086836e-02 nan
nan nan
1.131232685561861864e-02 1.176219408888389125e-03
4.497505684698934001e-04 1.918560111814804126e+00
nan nan
nan nan
1.984554710048368545e-02 2.140024815819099261e-03
6.043545481986085585e-04 4.082254316045297142e-03
9.067359392694977760e-03 1.311375742708668912e-03
nan nan
4.026505777254014290e-03 9.675588962777264971e-04
nan nan
nan nan
nan nan
2.410844990654008139e-03 4.775181972739973402e-04
nan nan
2.168407062021922294e-02 2.468873947420222904e-03
1.677623015143015275e-02 1.750244859159817484e-03
2.742575940490204079e-03 nan
nan nan
nan nan
nan nan
nan nan
2.541624286566348916e-03 1.518319521551258090e-03
nan nan
7.960000720211666408e-03 1.604500025781367299e-03
nan nan
8.761136750360092734e-03 7.535555372994545394e-04
nan nan
nan nan
2.634194415472823972e-03 1.753898568469655986e-02
4.544026000451707736e-02 nan
5.099582750003463921e-03 5.171156410472836813e-04
nan nan
nan nan
1.953461088774994386e-02 3.316626555227938748e-03
1.441096640874506285e-02 8.854056694503296141e-04
3.122392739443452525e-03 6.242773508096635584e-04
1.126708875914377884e-02 8.661586570442734914e-04
1.014886940908061447e-02 1.011422161566197372e-03
nan nan
nan nan
1.183391212210595754e-02 1.131161235174372700e-03
1.633506945127256860e-02 2.094467460322080397e-03
1.726247329449510232e-02 2.541310665143804801e-03
1.385106980465459570e-03 1.735697211731482281e-02
1.553972368913433821e-02 2.042320192476685010e-03
nan nan
2.613360717215526454e-03 1.762294165044058251e-03
2.049624570250250036e-02 1.436025137504359306e-03
nan nan
9.377600443935960733e-03 6.879181954816597153e-03
1.909403757522538936e-02 1.250968670655374206e-03
1.024369318459926806e-02 8.603683147462467791e-04
nan nan
2.396215351318287806e-02 4.078936777684282443e-03
3.697284833646610064e-02 1.388117613081364318e-02
1.594066162349036531e-02 2.167580268786081180e-03
nan nan
1.537949781555155750e-02 1.232984698503209603e-03
nan nan
nan nan
nan nan
2.824012476510679749e-03 1.312236860765483674e-02
1.588959270372204344e-02 3.260551214854891678e-03
nan nan
3.318567754475668270e-03 nan
nan nan
2.166485934872293753e-02 2.686863848899785374e-03
3.333133352557755402e-03 1.620041272803326646e-02
3.117694197251861740e-02 2.906637388845566099e-03
nan nan
nan nan
nan nan
nan nan
nan nan
nan nan
3.687043399400143778e-02 4.722869346858614946e-03
9.717293597021675264e-03 6.422301244024912741e-04
nan nan
nan nan
nan nan
nan nan
nan nan
1.524936643586796182e-02 3.427019473486275693e-03
2.416032193942241335e-02 nan
2.942101243237878107e-03 2.812754302433587822e-04
3.101483470133605327e-02 3.043133069350769868e-03
5.811876317144217029e-04 3.609097318000206028e-02
5.845683903399588599e-03 7.517364475272720822e-03
1.844897476216300625e-03 9.668601205520425956e-03
nan nan
2.197582679113434939e-02 1.462954064646913941e-03
9.801958876893317879e-03 1.524137644467867371e-03
3.483973600648324065e-03 8.809616628445338018e-04
2.613666590570165420e-03 nan
nan nan
3.390991294142804008e-02 4.824550635386904048e-03
1.703206726851735214e-02 2.513381102030497628e-03
2.150778362699809834e-02 nan
8.807511288547502371e-03 8.158098521832019565e-04
1.673919619082407662e-02 4.225569315125510088e-03
nan nan
nan nan
3.244085549808135849e-02 6.635698556286946832e-03
nan nan
4.223128318142716636e-03 5.759297915031332850e-03
2.880503870873001721e-03 5.393924867333247351e-04
4.537568204500705936e-03 nan
nan nan
2.105563456419416030e-02 2.325317498042789657e-03
8.740677492580586211e-03 9.362727737301980045e-04
2.418751874562549350e-03 3.103745408793507818e-04
nan nan
nan nan
5.668819711870422273e-03 1.394683259355307707e-03
1.707393551449903901e-02 1.835420953445831118e-03
nan nan
nan nan
nan nan
6.153577870361175844e-03 5.791702904722059123e-04
2.691304669576172898e-02 4.238742887787264914e-03
nan nan
nan nan
nan nan
2.303325531463178491e-02 3.952412356336127038e-03
nan nan
3.644377389402828765e-02 3.881696145338251868e-03
nan nan
6.253312159181864324e-03 6.152836135264993503e-04
nan nan
nan nan
nan nan
5.490129676193987798e-03 5.758479345920708252e-04
nan nan
nan nan
2.318518867513090324e-03 3.516735570569785537e-04
nan nan
1.295200082821716669e-02 8.886176259142395664e-04
nan nan
1.378109628720988224e-03 4.701406453211822226e-03
nan nan
nan nan
8.498054866267762061e-03 nan
8.670661282824525598e-03 1.024297755439673458e-03
9.857802159125298586e-03 1.012143146320800815e-03
nan nan
5.979243011854051999e-03 1.297831182727857092e-03
nan nan
2.423104502322900866e-03 nan
2.045091856010555764e-02 2.351684110489850928e-03
nan nan
nan nan
1.452431449420711965e-02 1.479246631947877307e-03
nan nan
nan nan
1.441186328879164383e-02 1.338936480543192467e-03
nan nan
2.561605738998801174e-02 4.185234619023843819e-03
nan nan
nan nan
1.020014414386090536e-02 9.014390779078510418e-04
nan nan
1.301753203596647899e-03 1.628419957391251047e-02
nan nan
nan nan
2.703245133112804413e-02 2.574753886141972672e-03
nan nan
nan nan
1.796383781351218803e-02 1.801394290915781047e-03
1.348779907308709190e-02 nan
4.581256499164453500e-04 9.898911512192797090e+03
nan nan
nan nan
nan nan
1.673101858442972711e-02 4.030751658751176823e-03
2.692148826371615778e-03 5.451936379169169261e-03
1.621700843733492325e-02 nan
nan nan
nan nan
4.615027340471635105e-03 9.478014489831446772e-04
1.372031034136090774e-02 3.141760240701332516e-03
nan nan
4.009596974286837312e-02 nan
3.103314538300250974e-02 3.119226435352781719e-03
nan nan
4.652373236104914711e-03 nan
1.180035073331241711e-02 8.635489486583345113e-04
nan nan
nan nan
7.133454010350842589e-04 1.909837696790120942e-01
nan nan
3.882264706152513921e-03 2.322124619730203091e-04
5.739796555596421435e-03 5.126804206896404953e-03
1.931690587904718454e-02 1.467530705364410203e-03
1.433890029056442096e-03 6.004215406473862628e-03
1.637556174203432663e-02 nan
1.839698125619554760e-03 5.963510309396445738e-04
2.353305563342543774e-02 4.915848024939773776e-03
nan nan
nan nan
4.329761083782723494e-03 2.647264061622660661e-02
1.957492579871399074e-02 2.064212645283268824e-03
1.138156670292392661e-02 1.450961978451065573e-03
9.326902968881094907e-04 2.038090880040378111e-02
9.346575372339389551e-03 1.068161610848039015e-03
9.900302771379050626e-03 4.687595945844464729e-04
nan nan
1.129496249549484695e-02 1.221965847084999354e-03
nan nan
1.748564809271722226e-02 1.916860945835155254e-03
1.424519973546206283e-03 2.766658192821482287e-01
nan nan
nan nan
8.181292258114501725e-03 7.665911631664651003e-04
nan nan
nan nan
nan nan
nan nan
2.387369212640552598e-03 1.118704106768617264e-02
nan nan
9.866698013177459259e-03 9.629380586216606825e-04
nan nan
4.470176091325304274e-03 2.612631403254375988e-04
nan nan
nan nan
3.047878824967030151e-02 5.998245111560688778e-03
nan nan
4.866125467166942942e-03 9.180302190686778210e-04
3.405762354340573488e-03 6.918346079484112348e-04
nan nan
nan nan
2.456871407781743150e-02 2.455540537805834568e-03
5.687216055335458584e-03 4.356567111797991646e-04
8.290249378608866015e-03 5.475836373769922549e-04
5.388116744556762684e-03 4.957717202364771147e-04
7.145203899737058439e-03 1.139615709929344333e-03
nan nan
nan nan
2.217271068932521669e-02 2.680284516983326166e-03
nan nan
1.964363233099037254e-03 2.335664219984587286e-02
nan nan
3.864647990102185703e-03 4.189189013557865614e-04
1.815056248908116995e-02 nan
nan nan
nan nan
nan nan
9.916411360855057616e-03 8.819129000152056957e-04
1.046005120485110846e-03 1.109601883086842822e+00
5.205296984389079897e-04 5.794287328611293919e-01
2.234940815946297177e-02 2.901498236573519639e-03
2.673532653066672607e-02 3.625883264515799773e-03
5.581827024505200963e-03 5.780124432981400932e-04
1.904203358482850755e-03 2.239880381235683296e-03
nan nan
nan nan
nan nan
nan nan
1.153750239070450677e-02 nan
nan nan
5.887557844914174075e-03 7.221075922615210118e-04
nan nan
1.771619190226671886e-02 6.004911356688930925e-03
5.156882703764699948e-03 8.228752976350786619e-02
1.751456185341029870e-02 2.459560135441513865e-03
3.242253793658491506e-02 1.353327325523964210e-02
nan nan
nan nan
nan nan
2.181987860110573552e-02 2.671245077566553050e-03
2.494821159324615498e-02 nan
2.433610592809043460e-02 3.151530459603124699e-03
3.644816517573637102e-03 nan
1.330617789008771250e-02 1.516305441169549153e-03
2.360420276578912777e-03 nan
nan nan
nan nan
1.539758766736268325e-02 1.727341968527245026e-03
1.858136451427973637e-02 1.507608643498545590e-03
nan nan
nan nan
nan nan
4.439543605912341789e-03 1.186667491173088720e-03
1.114441559258969039e-02 1.023790226310739796e-03
nan nan
7.496882763667478064e-03 7.884967424872633707e-04
nan nan
7.578330726286421071e-03 8.587774559279557837e-04
3.631935349067566283e-03 9.139962898728771481e-04
4.727141046326557849e-03 nan
8.175725107776797909e-03 1.817632256647304986e-03
nan nan
5.825511412196436936e-03 nan
1.080967950698347169e-02 1.751978068051969614e-03
nan nan
1.151384049463618012e-02 9.996571884071008343e-04
1.645556596069276244e-03 6.430213075928294629e-03
9.153736932636415136e-03 8.850935748263964340e-04
2.526059816685782486e-02 3.064289471474038618e-03
nan nan
1.193008057758528431e-02 1.163739733751438087e-03
6.041387338174426455e-03 9.677126359069613323e-04
nan nan
1.852488638830772708e-02 2.055906226759180149e-03
9.916543458598011881e-03 1.152593837294425133e-03
nan nan
nan nan
nan nan
nan nan
1.766385792479391228e-03 2.985912417678677523e-03
nan nan
3.252280740637381040e-03 nan
2.831900310006429423e-03 1.216786647642504379e-03
nan nan
4.045415586481562221e-03 nan
nan nan
nan nan
nan nan
nan nan
nan nan
nan nan
nan nan
nan nan
nan nan
nan nan
1.339648075400567788e-02 8.765954014115085033e-04
9.468908325860092220e-03 1.129659970640824532e-03
3.183971063598202422e-02 1.079174517423685947e-02
nan nan
6.458814491460797627e-03 6.825082132046511639e-04
1.883093263354600894e-02 nan
1.136688583040116642e-02 8.818097802773289685e-04
1.184379321846708299e-02 1.687947958664175793e-03
1.675282758663144619e-02 1.033833407181968976e-03
1.605839036887190402e-02 2.336218137539256608e-03
1.370116633211931542e-02 3.238696506905763568e-03
nan nan
nan nan
3.451167367721588199e-03 nan
nan nan
nan nan
2.089269562520210035e-03 1.898545609002919238e-03
5.704835146671078175e-03 1.796782578201486496e-03
1.751895505904698530e-02 1.237623037938285868e-02
nan nan
nan nan
5.068629915569859354e-03 4.805429145162096486e-04
nan nan
nan nan
nan nan
2.495470379237130047e-03 4.708328712505738776e-04
nan nan
3.532167143509015988e-03 1.148552618797802011e-03
nan nan
nan nan
9.673663030332197571e-03 3.973114754181930261e-03
nan nan
8.544738793260012871e-03 1.417354473740697505e-03
nan nan
nan nan
9.245612523295865248e-03 1.125906249232422763e-03
4.380669431258231439e-02 1.161621974112884460e-02
7.337358565109050688e-04 1.076901226211730567e-01
1.604618077728384509e-02 1.360569670116769858e-03
7.288166775724634269e-03 1.551152842464402146e-03
nan nan
nan nan
nan nan
nan nan
nan nan
nan nan
nan nan
nan nan
nan nan
nan nan
nan nan
nan nan
nan nan
2.309427061611863188e-02 1.398510846794627418e-03
nan nan
1.142998591262723782e-02 7.562073688717862573e-04
nan nan
2.648470296284386599e-02 3.555661265769395965e-03
nan nan
nan nan
2.491420199366453647e-02 3.250366707229660878e-03
nan nan
nan nan
1.177664024399069365e-02 1.612325195826590360e-03
1.774981699866403848e-02 nan
nan nan
2.852444586193503013e-03 1.442613135918131275e-03
1.110644936646970268e-02 7.067171770705370963e-04
5.220340640767427362e-03 1.316557794952227106e-02
2.355710628917678795e-03 1.037995237897343034e-02
4.480550746641408233e-03 1.066646931518330657e-03
3.040771200946416029e-03 6.024812580991458768e-04
nan nan
nan nan
1.261747010157241225e-04 nan
nan nan
nan nan
nan nan
2.680789859291474175e-03 6.354695376478095709e-04
2.960213901549715171e-02 1.164996474946079948e-02
6.893871670392084927e-03 1.256474310208591716e-03
nan nan
nan nan
4.291204140189733046e-04 1.860919674573010774e+00
2.929450458304650937e-02 3.631368560133878352e-03
nan nan
3.266499328970490570e-03 1.151001422595474477e-03
nan nan
nan nan
nan nan
nan nan
nan nan
nan nan
2.067976035459280146e-02 2.926576731856814044e-03
5.095358001657609298e-03 nan
1.114658212518020337e-02 2.470600922977604381e-03
nan nan
nan nan
nan nan
nan nan
1.190232226682552685e-02 1.588498052467780591e-03
nan nan
nan nan
nan nan
nan nan
nan nan
3.854119101874833864e-02 4.721086713119184569e-03
nan nan
nan nan
nan nan
nan nan
nan nan
nan nan
1.224169133571425747e-02 1.990033086325005297e-03
2.135117135834321139e-02 2.222213375671813328e-03
1.177821469755957072e-04 1.768653905631576961e+01
nan nan
2.001275987580747925e-03 1.075134696907241493e-03
nan nan
nan nan
1.570227357952396971e-02 1.762467480540535298e-03
nan nan
2.162328447355487196e-02 2.773268667266473586e-03
1.203088773249713986e-02 1.254504553378319332e-03
nan nan
2.948649760060476598e-03 4.479871929494181129e-04
2.040264423930434820e-02 1.657537194767464686e-03
nan nan
nan nan
1.555666747932411137e-02 2.137072283026046453e-03
nan nan
nan nan
nan nan
2.057787269054674965e-03 1.015362618414397721e-03
8.000506629542525425e-04 2.062538623855056374e-02
nan nan
1.692367763596505648e-02 4.368861479736763261e-03
2.929768509478779606e-03 3.712652389672647219e-04
9.172441470226402882e-03 1.795499253844294206e-03
2.802422885287961588e-03 3.486055199459457145e-04
4.557451817767906900e-03 nan
nan nan
1.594876861399109006e-03 2.449093786016987885e-03
nan nan
8.718159195246478338e-03 8.197918777854732667e-04
1.703367855708327015e-03 2.273439798635478425e-03
1.978475841818520820e-02 1.951864394423922762e-03
1.611231929388048587e-03 3.758182692902200129e-03
2.303760643457322330e-03 1.307766347106313100e-02
1.927944238951789790e-02 1.905360697121667290e-03
nan nan
nan nan
1.294975967954630457e-02 1.372900475919719464e-03
1.159258073020671617e-02 1.410624734043304301e-03
2.756083909352487725e-03 nan
nan nan
nan nan
5.642128016421709205e-03 3.465899362047811585e-03
1.372329534527499603e-02 1.434500127482579625e-03
1.627327396543103155e-01 nan
1.281229397158489304e-02 8.101171368811159890e-04
nan nan
nan nan
1.109325004959566333e-02 nan
3.551990080478273446e-03 1.524025575660527959e-03
nan nan
nan nan
nan nan
nan nan
9.878000581302478437e-04 2.042631949342125219e-01
nan nan
3.372284328014488967e-03 2.798378041960282708e-03
1.574168036003399662e-02 2.022982084695166237e-03
nan nan
1.495196075258174370e-02 1.401101819641588624e-03
nan nan
nan nan
nan nan
3.692146139772978924e-02 4.097280509762085861e-03
nan nan
2.784106046969870782e-02 2.602519165597396659e-03
nan nan
4.319782705791216579e-03 5.275548226782131615e-04
nan nan
5.860315916324864566e-03 8.938548290002104081e-04
nan nan
nan nan
9.543263328163344118e-04 nan
nan nan
nan nan
1.219072660144974313e-02 9.531840623182023971e-04
1.074518807357161508e-02 1.582325451723914228e-03
nan nan
nan nan
2.686065929895516818e-02 3.679105031452236003e-03
1.812890585147065511e-03 3.973975892109368399e-03
1.053627403300223418e-03 5.487449514054760363e-02
4.135770108103720838e-03 2.017849379085314570e-04
nan nan
nan nan
6.990904023126281314e-03 1.935562542779670431e-03
nan nan
1.231785538150567943e-03 1.086293570370951145e-02
nan nan
3.714656282187057956e-02 1.679665556368202528e-02
3.569066352304518797e-02 1.468520824264077547e-02
1.781648812013154892e-03 1.159197323104129741e-02
1.558964050582057476e-02 2.027545633229799280e-03
1.703493812931572687e-03 1.983281126531239846e-03
nan nan
4.157573263518118262e-03 5.942052298035262452e-04
nan nan
5.586588826656875735e-03 3.285231525221534343e-04
nan nan
2.103503947871578073e-02 2.138223062852298746e-03
nan nan
nan nan
1.525861029596075041e-03 nan
nan nan
nan nan
1.807539059256714487e-02 1.658369949264957470e-03
nan nan
9.147773190581354186e-03 6.200565632345394259e-04
1.892068888274006655e-02 1.288743445328960737e-03
nan nan
2.984163838559704060e-02 nan
3.713107769367614969e-03 6.977107350981736700e-04
1.420137854331397775e-02 1.728382779581545898e-03
3.798392120554283397e-03 4.458329391812557792e-04
2.212184604329570439e-02 6.030741810685938571e-03
5.078114933883598817e-03 nan
4.910429179233930658e-03 1.388023243909074309e-03
nan nan
1.412574756816866589e-02 nan
1.968291357791752440e-03 5.533940934474833664e-03
1.349635881581883953e-02 1.546509886512145325e-03
5.111887332431625658e-02 7.066505459329702581e-03
nan nan
nan nan
nan nan
1.311408839394546250e-02 3.846337760807901074e-03
nan nan
nan nan
2.582008417746181183e-03 1.653237128985014792e-01
3.252779272080215389e-02 2.701445710969415520e-03
nan nan
3.445610964558152092e-03 7.953677579047273164e-04
4.075110125897425141e-03 1.016301616968032923e-03
nan nan
nan nan
nan nan
1.103901745011409349e-03 8.599243544465997799e-03
1.059985169426944855e-04 2.697826319904713444e+01
2.587905830387737457e-03 1.417334382594819236e-03
nan nan
nan nan
2.688628297056639468e-03 1.064681237739222453e-03
2.990402382343353843e-02 nan
4.727567457871516970e-03 nan
nan nan
nan nan
nan nan
nan nan
9.311275384054315193e-03 1.020071087672522886e-03
nan nan
nan nan
4.181385869702497655e-03 nan
nan nan
nan nan
nan nan
nan nan
nan nan
1.148759931936551779e-02 1.178483759788893611e-03
nan nan
nan nan
nan nan
nan nan
nan nan
nan nan
1.520409364973005287e-02 1.737270613503309096e-03
nan nan
1.449282192651977705e-02 1.623743699829908408e-03
1.891298468695625998e-02 2.710079953500437247e-03
6.568227128374007004e-03 6.357353242115667841e-04
nan nan
nan nan
nan nan
nan nan
nan nan
1.893660613277793267e-02 9.475521335769270664e-03
1.678641300905700171e-02 2.261684801886602175e-03
nan nan
1.513907282210408094e-02 3.047575517150886201e-03
nan nan
nan nan
nan nan
9.462472636168648560e-03 7.002603815337004331e-04
nan nan
6.193460953492298596e-03 nan
nan nan
3.641740205237852402e-03 3.570023103361079212e-04
nan nan
1.481535823644403518e-04 1.486587464379828383e+01
1.134949271500766915e-04 2.592207784594208420e+01
3.065063532692936018e-03 nan
nan nan
nan nan
nan nan
6.446534280911853099e-03 1.582214070834049536e-03
nan nan
1.246345011384258385e-03 7.088532341283529468e-04
1.470429842409331014e-02 3.732835261219626805e-02
nan nan
nan nan
nan nan
4.350539000055883739e-03 1.561065584806581568e-03
nan nan
3.174734055907338023e-03 nan
nan nan
2.008101504453481401e-02 2.999576000624773562e-03
1.911325433766079135e-02 1.553707199173583534e-03
nan nan
7.945019698885346510e-03 5.894550517608400939e-04
nan nan
7.828628697498027020e-03 7.174703562715798377e-04
nan nan
nan nan
nan nan
8.528208524001570229e-03 1.039496267292800303e-03
nan nan
nan nan
nan nan
nan nan
nan nan
nan nan
4.605170835518710218e-03 4.668756264314207383e-04
1.339918077948036232e-02 1.390174720017511422e-03
nan nan
nan nan
nan nan
nan nan
nan nan
8.124392467220697273e-03 2.385144958950163041e-01
nan nan
2.364669092770751383e-03 1.365736894017407837e-03
2.756206674452090638e-02 2.973587100642170571e-03
1.409742289701296496e-04 1.875852677986777906e+01
4.452467497071446387e-03 1.203467704456007798e-03
2.699969908406445532e-03 1.653043366003701612e-03
nan nan
nan nan
1.469678556626809185e-02 1.002330170168827007e-03
7.337046518179456654e-03 1.061539881548815732e-03
nan nan
1.204049458939858430e-02 1.161215840424079885e-03
5.607436851719114004e-03 1.203835318448522864e-03
4.265130868168840426e-03 5.637433569949790559e-04
1.754374936505669405e-02 2.094397846997560902e-02
1.302251544686058513e-02 2.866626334429727991e-03
nan nan
nan nan
3.736433333068286261e-02 6.176367771526722165e-03
nan nan
1.438819931650859099e-02 3.162399076647380049e-03
2.618330750328714401e-03 3.159929226137330772e-03
9.630576260358052892e-03 1.050268843010353182e-03
nan nan
5.801875375615659844e-03 5.848352721069887631e-04
2.562207430480184164e-02 3.693642992275111923e-03
nan nan
nan nan
nan nan
nan nan
nan nan
nan nan
nan nan
2.658999532819864182e-03 8.749302586739161197e-03
nan nan
nan nan
nan nan
4.384666819050329900e-03 2.382424252498290841e-04
2.866991124652911414e-03 5.907215856985383864e-04
nan nan
nan nan
3.091921926854149065e-03 1.357057638726107867e-03
1.389927064521659502e-03 1.057724339566832802e-02
1.052397587448727738e-02 1.227306742154545558e-03
nan nan
5.833924045788368637e-03 4.308192883993551070e-04
1.790667508737464175e-03 4.068701205939585785e-02
3.782516009916462273e-03 2.603316803883383521e-03
nan nan
1.277535058001660374e-02 2.474962328904069166e-03
nan nan
2.881469233719236890e-03 nan
nan nan
3.444004289973013992e-03 7.855066455985844093e-04
nan nan
4.748505180607453125e-04 7.114707645743095776e-03
8.258392950248941849e-03 1.002313711358392449e-03
nan nan
1.052537883970138845e-02 1.237377604038849112e-03
nan nan
3.357913707524054665e-03 2.208539232536956519e-03
1.383463515317163994e-02 nan
nan nan
1.851242121087226175e-02 9.742621292683169070e-04
nan nan
nan nan
nan nan
1.582425006013590124e-02 1.624228744077420468e-03
2.017117772222698242e-03 6.074960144568772227e-04
nan nan
nan nan
nan nan
nan nan
1.357508128174071335e-02 3.655485452590446875e-03
4.377952604246114141e-03 9.775046999009860422e-04
6.385394831512606131e-03 7.639787353779644782e-04
6.443215401837241833e-03 5.474226560301571638e-04
5.871119893340280387e-03 9.504282407882267206e-04
nan nan
1.885663784997877040e-02 1.857711106256671168e-03
2.757116450163198812e-02 5.855779972206869022e-03
nan nan
nan nan
nan nan
nan nan
1.244504445257835559e-02 2.692183198599775850e-03
7.786920857649608577e-03 9.884124973933408522e-04
nan nan
2.324730824442249738e-02 nan
3.582600949582087635e-02 8.537151521749082941e-03
nan nan
4.038254106388511192e-04 5.303337666790506333e-01
4.737571452365133516e-03 8.667882697324902049e-04
1.653494836283199952e-03 1.796436120273920160e-03
1.728991449886182682e-02 2.200319151928777778e-03
5.234685317274922469e-04 5.861161764743932912e-01
nan nan
nan nan
1.931878403292222688e-03 9.312820551639095380e-04
nan nan
3.104616134743207190e-02 2.875931015339009984e-03
3.608579135596188571e-03 nan
nan nan
9.681068724391151369e-04 9.927404870823338702e-04
1.025954939864206789e-03 1.141348136646767875e-02
nan nan
2.494187025460673206e-03 1.478498906913711629e-03
nan nan
nan nan
nan nan
2.888857310044096183e-03 3.619084010322390246e-04
nan nan
1.656055157225621785e-02 1.715617932863425840e-03
4.465825036143629412e-03 3.255536925426412540e-04
nan nan
nan nan
1.336003052303658470e-03 1.459307613883845806e-02
6.070140437277283738e-03 5.517129704341670448e-04
nan nan
9.625081287646409254e-04 nan
nan nan
nan nan
2.234446048559619175e-03 1.729501282273088626e-03
8.157701440399831028e-03 1.419803721628318943e-02
nan nan
nan nan
9.767476503586790954e-03 1.131233342809537853e-03
nan nan
nan nan
2.708227209167058183e-02 2.329762142938284451e-03
nan nan
8.763107072252977921e-04 1.815885870866956742e-02
1.116866474821334720e-02 1.476996217560387192e-03
3.839820728709743020e-03 8.457431657814193371e-03
nan nan
nan nan
nan nan
nan nan
4.760693195359363972e-03 3.593861391361861924e-04
nan nan
nan nan
1.104659715340733719e-02 5.329147376152509191e-02
1.404037667755194188e-02 9.913212603696343588e-04
1.295881591590695645e-02 4.674838992046037589e-02
2.698050098975752001e-02 nan
1.026068405348710619e-02 7.966583474394325860e-04
1.833894279185388151e-02 1.621636557251466410e-03
2.157174766960856874e-02 8.318129064258444547e-03
1.940688891303078700e-02 2.327229141446797520e-03
3.869191916841562690e-02 3.687322713349688169e-03
nan nan
nan nan
nan nan
1.724381286861087492e-02 2.161525852294383151e-03
4.084019866479361716e-03 8.328758709575825956e-04
1.523363778773695679e-02 1.018887276015375707e-03
nan nan
nan nan
5.221759151236948608e-04 8.872423773420458348e-02
7.471089621922694969e-03 1.076320777738737095e-03
2.150034504998787899e-02 2.683347947332274247e-03
nan nan
nan nan
2.763513224366874466e-03 8.551004378673577808e-03
4.373675333441354868e-03 9.370547523390966582e-02
nan nan
nan nan
nan nan
3.339718318688468177e-03 2.741588046021350674e-04
1.978141881085798692e-02 3.164175846446235126e-03
6.827815435031024324e-03 8.710672179504260447e-04
2.213695968644594642e-02 2.877924754603310414e-03
1.354559920149275159e-04 4.629289348925142633e+01
nan nan
6.286927554810325600e-03 6.373410209296433626e-04
nan nan
4.871603113839061724e-04 3.948249630503950502e-01
1.346865690295829382e-04 2.051575163880793582e+02
2.160276634270936590e-03 nan
3.879278705503715063e-02 1.143240253839778939e-02
4.011041417869596476e-03 1.195838394249381037e-03
nan nan
4.612962484674654889e-02 nan
8.994269489189150174e-03 1.248019539348335259e-03
nan nan
nan nan
2.321466097938602001e-03 nan
2.428643753565108351e-02 1.641785191193869970e-03
nan nan
1.173815279809279461e-04 6.305428410158787500e+01
4.524394916793040081e-03 9.397127193386606769e-04
nan nan
nan nan
nan nan
nan nan
nan nan
6.435872449972011508e-03 1.090221317469799956e-03
nan nan
nan nan
nan nan
1.767353157444920969e-02 1.550453558027089845e-03
5.023543753847612911e-03 1.507267902023708694e-01
nan nan
nan nan
5.108998143652755501e-03 1.008815980203381065e-03
nan nan
nan nan
nan nan
7.612364549348705350e-03 2.044720167939483371e-03
nan nan
nan nan
3.352989587819927945e-03 6.979813722056461573e-04
1.290814914744480013e-02 nan
7.658537658781954319e-03 7.922249769121329039e-04
nan nan
2.184842365226941779e-02 3.693120227723721647e-03
nan nan
1.153994186580472453e-02 8.403054099860745620e-04
nan nan
nan nan
4.066529150843550822e-02 1.580533741935482434e-02
3.909235803591432773e-02 1.848533407911048462e-02
nan nan
nan nan
3.504453085718925269e-03 5.607411918400540592e-04
nan nan
nan nan
nan nan
6.390874284140104188e-04 3.276263915891712841e-01
nan nan
nan nan
2.733328971171984992e-03 2.010035776787508308e-03
1.910643144240233016e-02 nan
nan nan
nan nan
2.873313496151568350e-02 5.038607902797662651e-03
nan nan
nan nan
nan nan
nan nan
1.115422898276972018e-02 9.830474949682125978e-04
nan nan
2.358988743301370164e-02 2.475870746878662022e-03
nan nan
9.400023284793336889e-03 4.253406797264824152e-02
nan nan
3.280410397258597642e-03 4.977863880680183199e-04
nan nan
nan nan
nan nan
nan nan
6.009265156546061450e-03 8.922098082688888123e-04
1.670229164166293695e-03 1.099030409820168225e-03
1.531035386132617235e-03 3.942564956248930698e-03
5.916675896799939577e-03 4.892535708061206178e-04
2.232094245803679933e-03 1.150725210845843401e-03
nan nan
nan nan
1.693888405093649328e-03 3.851463938909630708e-02
2.494049558848319970e-03 1.662096291067536886e-03
1.299372899961275668e-02 1.036024568610075663e-03
nan nan
nan nan
5.603148981047825772e-02 2.400893949881736239e-02
7.235364234548247349e-03 nan
3.034498647450878731e-02 1.144572783537464895e-02
nan nan
3.365824011380881553e-02 1.159120688706815651e-02
nan nan
2.401089628202373455e-02 2.109618083475744282e-03
3.584999251649242935e-02 1.065429527005622504e-02
5.708074289684511235e-03 6.997477580506843110e-04
2.403398739501542633e-02 1.825089453920846882e-03
4.925284340065600591e-02 1.369836726959687209e-02
nan nan
2.363092900779364958e-03 1.065437687326772345e-03
nan nan
1.741604734951748834e-02 nan
nan nan
2.514795889492612083e-02 1.901840051524042756e-03
nan nan
1.090194540307866389e-02 2.153582246658500721e-03
3.460192644714744914e-02 nan
nan nan
nan nan
nan nan
nan nan
nan nan
nan nan
1.780693595522629680e-02 1.894232414037997280e-03
1.173817605785550805e-02 1.487658873700465310e-02
nan nan
nan nan
nan nan
nan nan
nan nan
1.815235082849415635e-02 2.545029655521402218e-03
nan nan
1.360236103161119661e-02 nan
nan nan
2.393011193470174006e-02 1.921640416336562948e-02
7.213749726708736792e-03 6.655990636970128419e-04
nan nan
nan nan
8.356181808899508859e-03 8.266268368905153397e-04
1.900136029176373309e-02 nan
nan nan
nan nan
1.729984334626103251e-02 2.172243898370692858e-03
2.346073028834410115e-02 3.375796434131028353e-03
nan nan
4.040580418913893718e-02 3.483959719176443239e-03
1.830283990111531214e-02 2.509674492950840236e-03
nan nan
3.434001577251168200e-04 8.028629836320374524e-01
6.586538621801311250e-03 1.014440937071924530e-03
2.677179139871276470e-03 2.804605995887133989e-03
1.016712629739248072e-02 1.200943507247320425e-03
nan nan
1.117698561850931013e-02 1.254561649277566348e-03
nan nan
5.938722884321239945e-03 7.821299426921874461e-04
6.755744342034422645e-04 7.695814236871169854e-03
1.236632213007468964e-03 2.660305964592323685e-02
9.053376827546920011e-03 7.466637859330677073e-04
nan nan
1.607951246062505266e-02 1.217539744391367895e-03
nan nan
9.412445702291453043e-04 1.536843070841711033e-02
8.021306213717629280e-03 1.264415637540467104e-03
nan nan
2.207543421856304408e-02 1.606277210021728186e-02
nan nan
1.348315818143257412e-02 1.275836833565977555e-03
nan nan
1.205560141630939927e-02 1.393666636476580427e-03
nan nan
nan nan
1.581230982126508901e-03 6.343684043749632864e-03
nan nan
nan nan
2.288872700343717176e-02 4.270889180395784183e-03
nan nan
nan nan
nan nan
1.606722371131749649e-02 9.969859060499496224e-04
nan nan
nan nan
2.020713622056257135e-03 1.726365810064046935e-02
nan nan
nan nan
2.086784879346169352e-02 5.309220566447496459e-03
nan nan
nan nan
3.000324683163449382e-03 1.486011784986601345e-02
1.346099149818532487e-02 1.285463913438537409e-03
nan nan
nan nan
1.496110456843898102e-02 9.440949553055279653e-04
2.905982273849183964e-02 7.437569376954333844e-03
nan nan
nan nan
nan nan
8.511864377743025289e-03 nan
1.354207260138328046e-02 1.256774496833201098e-03
nan nan
nan nan
nan nan
nan nan
nan nan
nan nan
2.110295758002415922e-03 nan
nan nan
nan nan
nan nan
nan nan
nan nan
5.120978702635866145e-03 9.404216312073933066e-04
nan nan
2.704623448790585173e-03 4.790055545416733898e-04
nan nan
nan nan
1.501349011065670341e-02 4.658539499538850992e-03
1.211185281303717338e-02 8.301759377050804342e-03
1.274879679479712716e-02 2.971307929675128402e-03
4.852728242710815584e-03 5.683005983484738398e-04
nan nan
2.106100939886917586e-02 3.144386760652938956e-03
4.380447890094623861e-03 1.192366972291193346e-03
nan nan
nan nan
nan nan
nan nan
2.913932665566377339e-03 1.760586594272613853e-02
nan nan
nan nan
9.480021420636053266e-04 1.211434048916678989e-02
nan nan
nan nan
nan nan
nan nan
2.335980904019746302e-03 5.034844926891301684e-04
nan nan
1.826148853003630584e-02 7.688180152861385196e-03
1.791862665936583970e-02 1.418850636561230956e-03
nan nan
nan nan
3.947498677526256258e-03 5.101007243335967762e-04
3.704010024855037067e-03 9.195283506936578928e-04
nan nan
2.345779871301036101e-02 7.273130986965016705e-03
2.582333394141611733e-03 4.980885104038173476e-04
nan nan
nan nan
nan nan
3.640777293235285955e-02 4.329434377668148551e-03
nan nan
5.671590928847216814e-03 5.546019075819460641e-04
nan nan
nan nan
nan nan
2.464169372562604460e-03 5.956084693838145519e-04
nan nan
1.135517066464835148e-02 1.866516509526099619e-03
nan nan
nan nan
nan nan
1.353710874765487113e-02 2.287667432202134497e-03
nan nan
2.927137868415479079e-03 9.998556884212553286e-02
2.159713770983885672e-02 2.176778183561016954e-03
nan nan
nan nan
1.187847105098728887e-02 1.356534378762889494e-03
nan nan
nan nan
nan nan
1.898261978170283706e-02 1.629185092234716184e-03
nan nan
6.148641939315921748e-03 1.422326170710805316e-03
nan nan
3.008054310894431316e-03 1.027417276716873981e-02
nan nan
nan nan
nan nan
nan nan
2.325286581689104889e-02 nan
3.116803549644478390e-03 7.519488950683180786e-04
3.092761836778811467e-03 1.186867057623852391e-03
1.226443908180897824e-02 2.752318204687417749e-03
nan nan
nan nan
nan nan
6.292571357741401882e-03 1.208165057248517969e-03
nan nan
2.620886666238790921e-03 nan
8.301812313589614772e-03 nan
6.970194329034760244e-03 nan
nan nan
nan nan
1.410659438464099621e-02 2.207152347090656549e-03
nan nan
2.238722232279665347e-04 1.258315542093139783e+02
nan nan
1.317474175619176438e-04 1.343857318486222852e+01
1.721878006066489969e-02 2.235657162487153342e-03
nan nan
1.883846126835064805e-02 2.895610793009175971e-03
nan nan
nan nan
nan nan
nan nan
nan nan
nan nan
1.664171388995566367e-02 2.178067535036685640e-03
nan nan
4.217054960934605787e-03 9.590282248501122778e-03
7.472251886160584215e-03 nan
2.145830950931367550e-03 2.812344460679786894e-03
8.965201912411010360e-03 5.283346404196774537e-04
1.899664485614391968e-02 1.453103968158981013e-03
5.072848655775927078e-03 3.229865829009079215e-04
1.484556975701621477e-02 1.178251947334884751e-03
nan nan
2.749971808085341623e-03 7.805766908729248887e-02
nan nan
5.208519399753673736e-03 nan
1.182637686806223623e-02 1.225541667095092187e-03
7.699650872791960823e-03 7.348518432390800312e-04
2.274807271289598642e-03 1.550621162471500433e-02
nan nan
nan nan
2.907399387973103044e-03 5.168232251887736398e-03
2.853556864183231720e-02 2.319170808306409391e-03
1.184073739510643156e-03 9.765055044870433673e-03
nan nan
1.457842183118738914e-03 1.039969087351339666e-02
nan nan
8.119897504962012361e-03 5.767507556692328145e-04
nan nan
nan nan
nan nan
nan nan
nan nan
nan nan
nan nan
8.436089379701205504e-04 2.202156508601263094e-02
3.366866122614473739e-02 3.690085566569955948e-03
nan nan
nan nan
nan nan
2.792079867248845396e-02 nan
2.725045956198942840e-02 2.678019377908661628e-03
nan nan
6.265331196631642244e-04 7.791881906942894898e-02
nan nan
nan nan
1.515426488445565864e-02 2.927236584361178097e-03
2.608296535720402293e-02 2.411096991965245347e-03
nan nan
2.517635548841965637e-03 1.394092742598484211e-03
nan nan
nan nan
nan nan
1.061873308705742029e-02 2.581499660274606377e-03
nan nan
9.076769207726424760e-03 1.031357026889425906e-03
nan nan
1.601805516499675217e-02 nan
3.513689494377624650e-02 1.417358370019873061e-02
nan nan
1.682443934927903284e-02 5.659902054068281611e-03
nan nan
nan nan
9.347025356880981923e-04 1.350572063784794552e-01
nan nan
nan nan
nan nan
7.217026694188704433e-03 2.071042700370286441e-03
9.068548095779931789e-03 6.954657637431701980e-04
2.351151731639428491e-02 6.818818788305015810e-03
nan nan
nan nan
nan nan
nan nan
1.257221213859306165e-02 1.467120178391891679e-03
2.081267170375014630e-02 1.296030006156167038e-03
4.317282928372424486e-03 1.273346780754421904e-03
1.691138764059876582e-03 2.074695909180922053e-03
9.649066872190803501e-03 1.252491093547757539e-03
3.260525405641637869e-02 3.790599413588739610e-03
1.508482521311038313e-02 1.086224945457353250e-03
nan nan
nan nan
2.409854105539951247e-02 4.133207291546902792e-03
nan nan
1.458720762350196321e-02 2.836430834282963921e-03
nan nan
nan nan
nan nan
6.245004865466151182e-04 4.264745664112596507e-02
nan nan
nan nan
nan nan
nan nan
nan nan
nan nan
nan nan
4.087650887183556098e-02 1.371926144496257716e-02
2.963553034854645926e-03 nan
3.333983260381886971e-02 4.089309748497378834e-03
nan nan
nan nan
nan nan
nan nan
1.219183120164594840e-03 6.763210186704794388e-03
nan nan
nan nan
nan nan
nan nan
nan nan
nan nan
nan nan
nan nan
nan nan
nan nan
2.099515951109218528e-02 1.419290203520695874e-03
nan nan
nan nan
nan nan
nan nan
nan nan
nan nan
nan nan
nan nan
nan nan
nan nan
nan nan
nan nan
nan nan
nan nan
3.498085098371576940e-02 nan
4.164313088833306725e-02 3.383337020835213566e-02
nan nan
3.271849234109983073e-02 6.410615128604914628e-03
nan nan
nan nan
4.659056744447302376e-03 nan
nan nan
2.083469044553559399e-02 2.368163247805228980e-03
nan nan
7.581359012676025999e-04 2.548956903804927010e-01
nan nan
nan nan
nan nan
nan nan
nan nan
nan nan
nan nan
4.094261110427020907e-03 nan
nan nan
2.322737816077867674e-03 7.344779745081457100e-04
nan nan
nan nan
nan nan
9.374475442108092275e-04 1.484648743325864118e+01
nan nan
nan nan
1.811405529684424059e-02 nan
nan nan
nan nan
nan nan
nan nan
4.812447805654707089e-03 4.615027372769015587e-04
nan nan
nan nan
4.513486280452978262e-03 1.121354513864231085e-03
2.109075226548916271e-02 5.522919847516411483e-03
nan nan
3.846999970421359841e-03 4.026235736875129244e-04
nan nan
nan nan
3.122991718498109581e-02 2.696874464948336922e-03
4.258943410619323022e-02 5.133258470058211023e-03
nan nan
nan nan
4.383207044754175268e-03 nan
1.003131990671204607e-02 2.028479462175419162e-03
nan nan
1.809802230035526330e-03 2.050560633829967994e-03
nan nan
1.113068402684454184e-03 6.872296348533274250e-03
nan nan
nan nan
nan nan
nan nan
nan nan
5.029044188769328169e-03 1.412429750150889307e-03
nan nan
4.413320164100575232e-03 4.318559042610057327e-04
nan nan
nan nan
nan nan
nan nan
nan nan
7.144977104713881068e-03 7.011715119435664228e-04
nan nan
nan nan
1.155514236550793730e-02 2.160670264245260694e-02
nan nan
nan nan
nan nan
1.018463396733789751e-02 nan
nan nan
1.207349973316593737e-02 2.036657986342373973e-03
nan nan
9.248003690618273589e-04 nan
1.681575992777640388e-02 1.189913943785594029e-02
1.213330002191971568e-02 1.312041787252287133e-03
nan nan
nan nan
2.757113669864095368e-02 3.181085991373656507e-03
2.812203916742007578e-02 nan
nan nan
nan nan
nan nan
nan nan
1.666311223548074677e-02 6.112925397458710865e-03
1.800605810013859200e-03 5.653149079681229171e-03
1.557056509437313319e-03 8.082453769981787217e-02
1.690750266428005244e-02 7.781324457346305845e-03
7.591215952519111444e-03 9.102631012042841250e-04
nan nan
nan nan
nan nan
nan nan
5.716721646855727531e-04 1.439918418177676129e-01
nan nan
nan nan
nan nan
nan nan
nan nan
nan nan
1.054465425496751117e-02 1.183659005619284998e-02
nan nan
4.345389161927903227e-03 nan
nan nan
nan nan
nan nan
6.741748014211636306e-04 6.233639759804940339e-02
3.357045100355243120e-03 7.185480733419341483e-04
nan nan
nan nan
nan nan
nan nan
nan nan
9.952443012419960947e-03 9.159267296802367508e-02
1.425116932936495821e-02 1.803577243103089093e-03
nan nan
nan nan
5.317787372344494681e-03 5.395942058611600525e-04
nan nan
1.092443807857647678e-02 1.130138500121623734e-03
1.299486523448262210e-02 1.166228672561194293e-03
2.876829148088535376e-03 nan
1.788087990542407482e-02 1.704560119010356620e-03
nan nan
nan nan
nan nan
3.643536424916846844e-02 nan
2.450756030407373956e-02 2.473757759402303667e-03
2.283310520037465721e-02 2.547696008491609227e-03
2.322464177088059967e-02 1.723358507896928645e-03
2.126863692577818550e-03 3.581151919805799968e-03
1.215692176128565540e-02 1.511941761852306438e-03
nan nan
nan nan
nan nan
nan nan
nan nan
7.962330827904477715e-03 2.089718828245015498e-03
nan nan
4.537474406639426666e-02 2.616506872844892931e-02
nan nan
1.409694712150571117e-03 1.220832049158350474e-02
nan nan
nan nan
1.740231321559549890e-02 1.402548448704570667e-03
nan nan
nan nan
1.499183602703924381e-03 5.430946000846216841e-04
1.898077413131016560e-03 8.470630101314540568e-04
2.954730198359994259e-03 nan
1.703366737597872965e-02 1.214845808262386912e-03
1.140971105345119655e-04 2.405848939891480143e+01
nan nan
nan nan
nan nan
nan nan
nan nan
nan nan
1.882074363734883432e-02 4.128976109358217274e-03
nan nan
4.836932936509307120e-03 9.773203296717118595e-04
nan nan
1.465257991818545019e-02 1.003543791672983042e-02
1.652755620932962926e-03 2.000599652914686333e-03
4.876632108868012364e-03 1.331529614162878456e-03
nan nan
1.325849439125902605e-02 2.592922710814112106e-03
nan nan
nan nan
5.535844452658281352e-03 6.525877001444614417e-04
nan nan
8.777458881607934794e-04 2.334739112395648949e-02
nan nan
nan nan
nan nan
nan nan
nan nan
nan nan
1.811063862903776467e-02 nan
nan nan
nan nan
4.140627323713542973e-03 7.677035018439050873e-04
1.435140181155751711e-02 1.481684767835239223e-03
1.587513676100053492e-02 4.526434305073512646e-03
4.770028243540841081e-03 3.555898651301866867e-04
nan nan
nan nan
nan nan
nan nan
nan nan
nan nan
nan nan
nan nan
nan nan
nan nan
nan nan
nan nan
nan nan
1.931515705982813150e-02 1.944523349759973456e-03
nan nan
1.638264542594621530e-03 nan
6.383801516131621528e-03 6.332465656042472095e-04
nan nan
7.119506868647374788e-03 6.125392911607360899e-04
1.391781570998760868e-02 3.511957047961419137e-03
1.705269520892669852e-02 nan
1.886397440712791682e-02 nan
nan nan
3.930795927939994758e-03 5.340402420061312293e-04
nan nan
3.534940592952083571e-03 1.404747828332068762e-03
nan nan
4.658754911568195253e-03 7.400044311525080624e-04
2.067171519230648694e-02 5.141050482331382607e-03
nan nan
nan nan
nan nan
nan nan
nan nan
nan nan
8.225066646872086773e-03 8.464644862045617515e-04
nan nan
1.713878148469301713e-02 1.743808917703981070e-03
1.041346012540027245e-04 2.404823184390510704e+01
2.801371513164547036e-02 8.300566583228342898e-03
nan nan
1.558494789679504972e-02 1.182116536238449461e-03
3.064506532411303413e-02 3.906836827665262184e-03
nan nan
nan nan
3.429188586155957653e-03 nan
3.846865787476814319e-03 nan
nan nan
nan nan
nan nan
nan nan
1.766788688088732559e-02 1.878295881103022235e-03
1.042300276104140601e-04 1.993550833487141816e+01
nan nan
nan nan
2.953684942767297646e-03 8.196765434741321021e-04
nan nan
nan nan
nan nan
nan nan
1.335842299191867394e-02 2.695124439993122796e-03
1.418313156116854726e-02 nan
1.589859743129275194e-02 2.548840694434786284e-03
5.472150537122403690e-04 7.042415107403052210e-02
1.479985477229050703e-02 3.683368878711123628e-03
nan nan
nan nan
5.871034164145301970e-04 7.202055724584462484e-03
nan nan
nan nan
nan nan
nan nan
4.816277809447881003e-02 nan
nan nan
3.796816387783841229e-03 9.562454330838338675e-04
nan nan
2.567553062168496242e-02 3.852746257180514507e-03
nan nan
1.569393954105188782e-02 1.823774227447509623e-03
nan nan
nan nan
2.000342676807244369e-03 4.678477222373130240e-01
nan nan
2.972045415939304422e-02 3.004423313072363162e-03
3.142115005456755372e-02 4.888617399455823936e-03
1.771634759785454052e-02 1.206224280558342715e-03
3.878465669747696099e-04 2.771949011774179072e-01
nan nan
nan nan
9.693367399418286248e-03 8.846736087320685414e-04
nan nan
3.404886518741655731e-03 4.870283921044624782e-04
nan nan
nan nan
nan nan
nan nan
nan nan
nan nan
nan nan
nan nan
nan nan
8.859746228280264424e-03 nan
9.835726628888911797e-04 2.521094176109982959e-02
nan nan
nan nan
nan nan
nan nan
nan nan
nan nan
1.885085977870974705e-02 1.826935473949460424e-03
1.260155180761734703e-02 1.606204939691298047e-03
3.037637257763937514e-03 5.313892326911276009e-04
2.543576065058298676e-03 1.755392576656569868e-03
nan nan
2.353237115350987133e-02 1.693060486732326239e-03
nan nan
nan nan
nan nan
2.359231129714364078e-03 nan
2.669744102715413802e-03 2.356914971522591860e-03
1.261922450250772126e-02 1.901947257099685477e-03
nan nan
1.306855751394500869e-03 5.317334876580066295e-03
7.084490677385887891e-02 2.796445417806200928e-02
2.534163894454632623e-03 5.617098561569192029e-04
nan nan
nan nan
nan nan
1.097969433218080014e-02 2.071513829181481810e-03
nan nan
nan nan
nan nan
nan nan
1.184878441885161768e-02 1.379122719008242688e-03
nan nan
1.126685471877417449e-03 8.338400585992934017e-03
1.455963516339632904e-02 1.500858099470399028e-03
1.538519743753200691e-02 1.348275830147300418e-03
8.398826330272019663e-03 9.596959655282011120e-04
nan nan
nan nan
3.846679510405696424e-03 3.869049824267654079e-04
nan nan
nan nan
nan nan
2.940061009169827114e-03 2.369657921131988775e-04
3.232415138239758123e-02 3.697902673210371437e-03
nan nan
1.934156428583634277e-02 2.171073174813086242e-03
2.364413960414261245e-03 6.449090077571209426e-04
2.443851393451813500e-02 6.887659854527178153e-03
nan nan
nan nan
1.619755022170004527e-02 2.246475171959084940e-03
nan nan
7.532379465516108805e-03 1.235595987854213066e-03
nan nan
nan nan
4.195359909407947452e-02 nan
2.393393815433719415e-03 nan
6.734479583812695049e-04 6.449100957393609501e-02
8.546221156088409454e-04 1.864817673174422319e-02
9.783863161187596538e-03 2.291354072920979805e-03
nan nan
nan nan
nan nan
nan nan
nan nan
nan nan
9.970845113208257754e-03 nan
1.285646846350142411e-02 1.840891475691224790e-03
3.990621914058989708e-03 6.013294565281070408e-04
nan nan
nan nan
nan nan
1.008374985412269047e-02 1.001084255873471241e-03
nan nan
1.328590076027596698e-03 1.054760485033738072e-02
2.135863328612882736e-02 5.207383374560428137e-03
nan nan
nan nan
nan nan
nan nan
3.781125659890112803e-03 nan
2.343933111496079164e-03 5.427669504128851928e-03
1.621186801546119910e-02 1.649628693745653144e-03
nan nan
4.369411790335333765e-03 1.131015850883892180e-03
nan nan
nan nan
nan nan
nan nan
nan nan
4.284526706828117176e-03 9.152712154257947041e-02
1.383937209535465816e-03 1.468311566972693369e-02
nan nan
nan nan
nan nan
1.508478083860846294e-02 1.185451862357304398e-03
nan nan
nan nan
nan nan
nan nan
1.845013827975640255e-03 3.261303484831051726e-03
nan nan
nan nan
1.357068929586564485e-02 4.841909780640381473e-03
nan nan
2.522164932320332051e-02 2.702972834990526475e-03
nan nan
nan nan
2.644072132609838130e-02 nan
nan nan
3.283889806997444469e-03 6.176695491518121835e-04
nan nan
nan nan
nan nan
nan nan
nan nan
6.817344864778050089e-04 9.319053628299558967e-03
1.594208041490532968e-02 1.908885699210978318e-03
7.076983401688325412e-04 1.645935744771699974e-02
nan nan
1.730512394194164486e-02 1.129653822528403889e-03
9.140206152306935838e-03 6.621298824639402624e-04
nan nan
nan nan
nan nan
nan nan
nan nan
nan nan
4.588499277908784100e-04 9.505802404485259594e-01
nan nan
nan nan
nan nan
nan nan
1.514379892696299593e-02 1.620777416346095429e-02
3.478038248455877363e-02 4.146304409158105796e-03
nan nan
nan nan
8.089980861254338768e-03 7.083395321727633176e-04
1.352583908147419502e-02 5.843360227290376975e-04
nan nan
2.703087144784942566e-03 nan
nan nan
4.270858141102861633e-02 1.242518749083815037e-02
1.315280232279677705e-02 1.204593570111441893e-03
nan nan
nan nan
1.248871787331828562e-02 6.661261609333647693e-03
nan nan
nan nan
nan nan
nan nan
1.784815725387461569e-02 4.889806214216652243e-03
1.782388289383252111e-02 1.479134825611767975e-03
1.163400674543169956e-02 6.551945500915096719e-04
nan nan
nan nan
nan nan
nan nan
nan nan
nan nan
nan nan
nan nan
nan nan
nan nan
nan nan
2.835946197359837453e-03 1.608032649871313918e-02
nan nan
1.918204277277012941e-03 1.969767073448279449e-03
nan nan
nan nan
nan nan
6.735768754139678273e-03 8.264846267926130889e-04
nan nan
nan nan
3.915332517764155869e-03 1.499723663419335641e-03
nan nan
6.096134091129845438e-04 4.794511283203475166e-02
nan nan
nan nan
nan nan
nan nan
2.075908067023830156e-02 nan
3.448037262063355975e-03 nan
nan nan
nan nan
nan nan
1.370003840598130011e-04 9.306634415566415797e+00
nan nan
2.426925241641758602e-02 2.037166296259150435e-03
nan nan
6.887177804113409508e-04 1.212445333939765439e-02
nan nan
nan nan
nan nan
4.195149405431815304e-03 3.649544359665708574e-04
nan nan
nan nan
nan nan
nan nan
3.175160114284618015e-03 6.305824450328760848e-04
nan nan
2.867919677872179593e-02 2.360456063110794381e-02
nan nan
2.223279217274037878e-02 2.770239836838790833e-03
nan nan
nan nan
9.094524929538164854e-03 5.543910139535159669e-04
6.916582336349221156e-04 2.500193955531608558e-02
nan nan
4.884067214157617604e-03 4.117887563232921436e-04
nan nan
1.292814764405079628e-02 4.576772436080673093e-03
nan nan
1.887895063729791781e-02 1.177955205214888980e-03
1.551713571187970757e-02 3.008242191286199935e-03
nan nan
4.698790808343161936e-03 1.099863827328644798e-03
nan nan
nan nan
nan nan
nan nan
nan nan
1.738950796660857293e-02 4.035622800493433686e-03
nan nan
nan nan
nan nan
nan nan
nan nan
3.923598083443819926e-03 3.374935257561987928e-04
2.623585592823261120e-02 5.480852685231924620e-03
4.462677619610975446e-04 2.749480702097786833e-01
nan nan
nan nan
4.929051917683073677e-04 8.683286478270910852e-03
4.397315908294498806e-04 9.067848994971915502e-03
nan nan
7.740730673493736828e-03 5.318127285001380319e-04
nan nan
9.968591434107561267e-03 9.342658899424143449e-04
nan nan
nan nan
nan nan
nan nan
nan nan
5.323780814285705015e-03 5.235181323335358914e-04
4.514099942729984070e-03 2.864375440930829885e-04
5.335673484765742283e-03 7.058224343204700432e-04
nan nan
nan nan
nan nan
nan nan
nan nan
nan nan
nan nan
nan nan
nan nan
1.958222616353049242e-02 2.336612183992860942e-03
nan nan
nan nan
nan nan
nan nan
3.641613873615826003e-02 1.584172140692086811e-02
7.080276937480119506e-03 nan
nan nan
nan nan
nan nan
3.292916534451208882e-02 4.374581454531892809e-03
nan nan
nan nan
nan nan
1.253090417715992111e-02 1.125931229404997539e-03
nan nan
1.410530403346420790e-02 nan
nan nan
nan nan
nan nan
nan nan
3.297919828500766454e-02 3.827525741607360615e-03
nan nan
nan nan
nan nan
nan nan
nan nan
nan nan
1.201249252208905823e-03 1.962658288973813114e-01
nan nan
nan nan
nan nan
nan nan
nan nan
nan nan
nan nan
1.095152746591637776e-04 9.145001881328673221e+01
nan nan
nan nan
nan nan
nan nan
nan nan
nan nan
nan nan
nan nan
8.941176482108037851e-03 7.212921456406817030e-04
nan nan
nan nan
nan nan
nan nan
2.895437070418529352e-02 3.757827829287225738e-03
nan nan
nan nan
nan nan
nan nan
nan nan
1.253398124635338694e-03 1.663205475144627701e-02
nan nan
6.122104301125403866e-04 9.757571126800238318e-03
nan nan
nan nan
1.375220405274831317e-02 1.543398067591620747e-03
nan nan
6.736382943907553641e-03 nan
1.267440326878662565e-02 1.021854817518691406e-03
nan nan
3.944026936245344055e-03 5.077291368731488320e-04
nan nan
nan nan
8.978051265426743865e-03 1.025623673420962556e-02
nan nan
nan nan
2.091864204219769704e-03 2.903820112063408131e-03
nan nan
2.670823277425749334e-02 2.801668084139015847e-03
5.479153934291180073e-04 2.318528410228588299e-01
nan nan
nan nan
nan nan
nan nan
1.235724633782106117e-03 6.050896856536982366e-02
nan nan
nan nan
1.161944585453062416e-02 1.658331711074645647e-03
nan nan
2.354247756863557528e-02 2.327545645132120776e-03
1.918135983553666962e-02 2.182086133563250051e-03
nan nan
nan nan
nan nan
4.074974372155647229e-02 9.947567533804624676e-03
nan nan
nan nan
nan nan
nan nan
4.347201934442932944e-03 4.379908649012775770e-04
nan nan
nan nan
nan nan
nan nan
nan nan
nan nan
2.535192007070222880e-02 6.797317105621997028e-03
nan nan
1.627763277982600260e-02 6.596908514522027700e-03
nan nan
2.518269254183250205e-02 2.724240205451275518e-03
nan nan
nan nan
6.881530293448101174e-03 nan
nan nan
nan nan
nan nan
nan nan
nan nan
2.084842840394987920e-03 7.913642232986188747e-04
2.798432492778469768e-02 2.424321887406977443e-03
nan nan
nan nan
nan nan
nan nan
nan nan
nan nan
2.796383874526611746e-02 5.681625084009463492e-03
nan nan
nan nan
1.157798535615655287e-02 1.021648836284368145e-03
nan nan
1.113428673040820199e-03 1.653906812792106315e-02
nan nan
1.717017819291357869e-02 nan
nan nan
nan nan
1.728811659892509622e-02 2.155971796664222020e-03
1.267817789095832589e-03 1.153775435950629528e-02
2.612435897867094667e-03 3.917646960464488430e-04
nan nan
nan nan
nan nan
1.568283799128522213e-02 nan
nan nan
nan nan
nan nan
nan nan
nan nan
4.886963570487712349e-02 2.765574479750762538e-02
nan nan
nan nan
nan nan
nan nan
2.278338295710483422e-03 nan
