nan nan
nan nan
nan nan
nan nan
nan nan
nan nan
nan nan
nan nan
4.562196939889772373e-04 3.934251862150107627e+03
nan nan
nan nan
nan nan
nan nan
2.918220361096485888e-02 8.632361021751664559e-03
nan nan
nan nan
nan nan
nan nan
nan nan
nan nan
nan nan
nan nan
nan nan
nan nan
nan nan
nan nan
nan nan
nan nan
nan nan
nan nan
nan nan
nan nan
nan nan
1.097864329312920727e-03 1.145420849396547487e-02
2.921027511286384062e-02 4.014670577128693491e-03
nan nan
6.847980311394023453e-03 5.440643014872624831e-04
nan nan
nan nan
nan nan
nan nan
2.137422744611928473e-03 9.370497794049078210e-04
nan nan
nan nan
nan nan
nan nan
nan nan
6.353738585242983683e-03 7.056095397914199496e-04
nan nan
nan nan
nan nan
1.206849530155705216e-03 nan
1.838951960054459236e-03 4.873204152646260640e-02
nan nan
nan nan
9.689617767895951014e-03 1.355648625281379287e-03
nan nan
nan nan
nan nan
nan nan
1.542515500171101964e-03 4.910484492575583303e-03
nan nan
nan nan
1.607612750884971492e-02 4.557060911317246422e-03
nan nan
1.691235695896165306e-02 1.721808558680902558e-03
nan nan
nan nan
nan nan
nan nan
nan nan
2.483774821729992869e-03 8.877597062964707542e-04
nan nan
2.908981381987972570e-02 nan
nan nan
nan nan
nan nan
nan nan
nan nan
nan nan
nan nan
nan nan
nan nan
nan nan
nan nan
nan nan
nan nan
nan nan
5.636963138550791109e-04 6.984019619842732861e-03
1.523143953133052932e-02 8.679952075690512345e-03
nan nan
nan nan
nan nan
nan nan
nan nan
6.163880205188130429e-03 6.366321970911112665e-04
nan nan
nan nan
nan nan
nan nan
nan nan
nan nan
nan nan
2.886949122695141139e-03 nan
nan nan
1.062371993482849261e-02 nan
nan nan
1.863482909967205045e-02 nan
nan nan
2.466571041208123066e-02 nan
nan nan
nan nan
nan nan
nan nan
nan nan
nan nan
3.379541574925413062e-03 2.607781241529620836e-04
nan nan
nan nan
nan nan
1.931137978029722618e-03 1.358262122703175756e-01
nan nan
nan nan
nan nan
nan nan
1.808259059052998380e-03 nan
nan nan
5.454471525051850928e-02 1.103946771609298078e-02
nan nan
2.720484197262403904e-03 1.258908705557650271e-03
nan nan
nan nan
nan nan
nan nan
nan nan
nan nan
nan nan
nan nan
nan nan
nan nan
nan nan
8.056980745644089920e-03 7.990185424091461076e-04
nan nan
nan nan
nan nan
nan nan
nan nan
1.421777044659753089e-02 9.223483612914708338e-04
nan nan
4.663935608822489080e-04 3.108299985425818091e-01
nan nan
4.697223234196809018e-03 6.477335630410141487e-04
nan nan
nan nan
4.110792076602638560e-03 2.216127269863666597e-04
nan nan
8.408706952179876345e-04 3.088978786106037766e-02
nan nan
nan nan
nan nan
nan nan
nan nan
nan nan
nan nan
nan nan
nan nan
nan nan
nan nan
nan nan
nan nan
nan nan
6.204501378265260547e-03 6.022622661605172385e-04
nan nan
nan nan
nan nan
2.555033757145725587e-02 6.730433841510786476e-03
nan nan
7.087210751045658428e-04 5.428348019181362255e-02
nan nan
nan nan
nan nan
nan nan
6.075377948126191839e-05 3.272969434374209285e+00
9.668865008796953845e-04 1.586731460375982380e-02
nan nan
1.075434083425312940e-04 1.764130401623718214e+01
nan nan
nan nan
2.639889586246076721e-03 nan
nan nan
nan nan
nan nan
1.376924625654855254e-03 8.627590603669441777e-03
nan nan
nan nan
nan nan
nan nan
nan nan
nan nan
nan nan
nan nan
nan nan
nan nan
2.026122152812497891e-03 1.160075572253714028e-03
nan nan
1.371891165605596159e-02 1.722993167289801897e-02
nan nan
nan nan
nan nan
nan nan
nan nan
nan nan
3.841753645522773090e-03 1.332185400664742756e-03
nan nan
nan nan
nan nan
1.307794352751097920e-02 1.717911023767548437e-02
3.801018622938729004e-03 1.346540670969447557e-03
nan nan
nan nan
nan nan
2.039488181578804488e-02 2.011860601580569511e-03
nan nan
4.068846247182691250e-02 1.756044094563493155e-02
2.964284320174083941e-04 6.850909898297583567e-01
nan nan
nan nan
1.272377130266124333e-02 1.416319048602768813e-03
nan nan
2.463560306482707324e-03 2.107527564925104841e-04
nan nan
nan nan
nan nan
1.933806277800220914e-03 7.088813965523954857e-04
nan nan
nan nan
nan nan
nan nan
nan nan
nan nan
nan nan
nan nan
nan nan
nan nan
1.992792081092372575e-02 1.629759249288190853e-02
3.834979990715707901e-03 9.398514379981147415e-03
6.242964133791615092e-04 2.297592331119243381e-01
3.392187115814632691e-03 nan
1.111298887120743505e-02 8.902231198889349250e-04
nan nan
nan nan
nan nan
nan nan
nan nan
nan nan
nan nan
nan nan
1.306399141311932342e-04 5.217452419923828444e+01
nan nan
nan nan
nan nan
nan nan
nan nan
nan nan
nan nan
nan nan
nan nan
nan nan
nan nan
nan nan
nan nan
nan nan
nan nan
nan nan
1.508892308673133887e-03 1.475939374873153900e-03
7.513719419295575123e-03 1.789223141037494342e-03
3.353243949197339327e-03 2.845194481628295947e-03
nan nan
4.849754661481069963e-04 8.095818159392191571e-03
nan nan
7.761255678819189117e-04 4.107618131545254236e-02
nan nan
nan nan
nan nan
nan nan
4.050082148776435603e-03 4.375842144798480294e-04
nan nan
1.679699752858927059e-02 3.217968896827390433e-03
nan nan
nan nan
nan nan
nan nan
nan nan
8.485882275410775062e-04 2.627433265365899592e-02
nan nan
nan nan
nan nan
nan nan
nan nan
2.464118766363296124e-03 5.605905213776188377e-04
nan nan
nan nan
nan nan
4.219536844976594847e-04 6.555805066522962798e-01
nan nan
nan nan
nan nan
nan nan
nan nan
nan nan
nan nan
nan nan
nan nan
nan nan
nan nan
1.962893137827896942e-02 2.179229103429392630e-03
nan nan
nan nan
nan nan
nan nan
nan nan
1.741318600840522507e-02 2.528844437166955558e-03
nan nan
nan nan
nan nan
nan nan
nan nan
nan nan
nan nan
nan nan
4.948661004389783707e-04 1.859863333899641202e-01
nan nan
nan nan
nan nan
nan nan
nan nan
nan nan
nan nan
3.499082653241445458e-03 1.574510636797145716e-03
9.214516080107570603e-03 1.390393526550310916e-03
nan nan
nan nan
2.336051941001269594e-04 2.275249734224935150e+00
nan nan
8.491541742583281127e-04 3.442751130926267195e-02
6.544274942999880537e-04 6.907833926446781125e-02
nan nan
nan nan
nan nan
nan nan
4.364852706199849261e-03 1.962911081853168250e-03
2.216074497547535979e-02 5.741076194017390166e-03
nan nan
nan nan
nan nan
nan nan
nan nan
nan nan
nan nan
nan nan
nan nan
9.028734426003753497e-05 1.255428104827755789e+02
nan nan
2.584774989770606546e-02 4.430897171044282518e-03
nan nan
nan nan
nan nan
nan nan
nan nan
nan nan
nan nan
2.802821021820778736e-03 3.878396784232691257e-04
4.341884710350631116e-02 nan
nan nan
nan nan
nan nan
nan nan
1.957408082298585372e-02 1.890796623608606303e-03
nan nan
nan nan
nan nan
nan nan
nan nan
nan nan
nan nan
nan nan
2.333914948488060963e-03 nan
nan nan
nan nan
nan nan
6.772953234545144334e-04 6.390717783145475304e-03
nan nan
nan nan
nan nan
nan nan
nan nan
nan nan
nan nan
nan nan
nan nan
nan nan
nan nan
4.680399857822498122e-02 9.241818388749770824e-03
7.466972665156353496e-04 1.636222929245384483e-02
nan nan
nan nan
nan nan
nan nan
nan nan
nan nan
nan nan
nan nan
4.086457522953495514e-01 1.038821510266692005e+00
4.484455415735667284e-03 2.527055335828752667e-03
nan nan
9.618478689730428771e-04 6.166858393080817263e-02
nan nan
nan nan
8.767354299385344413e-04 2.846702916012299953e-02
nan nan
nan nan
2.764741019615732029e-03 7.800098887600904985e-04
nan nan
nan nan
nan nan
2.634479331624930108e-03 3.737581648995464052e-04
nan nan
nan nan
nan nan
nan nan
nan nan
nan nan
nan nan
nan nan
nan nan
nan nan
nan nan
nan nan
nan nan
nan nan
nan nan
nan nan
nan nan
nan nan
nan nan
nan nan
nan nan
nan nan
nan nan
nan nan
nan nan
nan nan
nan nan
1.341101860136990030e-02 1.167198506172545868e-03
nan nan
nan nan
nan nan
nan nan
nan nan
nan nan
4.943569749943453997e-04 7.689392466752002255e-03
2.925172992756513296e-02 4.754911664990674885e-02
nan nan
nan nan
nan nan
nan nan
nan nan
nan nan
2.652678452847658571e-03 3.158186423962468757e-03
nan nan
3.141903362962489635e-03 4.322303229320199110e-04
nan nan
nan nan
nan nan
nan nan
nan nan
nan nan
9.328804799051421007e-05 4.253423071429474334e+01
nan nan
nan nan
nan nan
nan nan
1.540529593145048386e-03 nan
nan nan
nan nan
nan nan
nan nan
nan nan
nan nan
nan nan
1.203363573604994494e-03 9.860953256549490412e-03
nan nan
nan nan
nan nan
nan nan
nan nan
nan nan
nan nan
nan nan
nan nan
nan nan
2.884408614532604428e-02 5.339545724677985383e-03
nan nan
nan nan
nan nan
nan nan
nan nan
2.175828871921425128e-02 1.621178325966119143e-03
nan nan
6.718882650732999409e-04 nan
9.509951405892856646e-03 nan
nan nan
nan nan
nan nan
nan nan
nan nan
nan nan
nan nan
6.794554176852357803e-03 5.514775022745487540e-04
4.999562866766699143e-03 1.386081554150087091e-03
nan nan
nan nan
nan nan
nan nan
nan nan
3.938598648862846885e-03 5.521217067758509879e-03
2.543085806507895674e-02 1.365860785618498545e-02
nan nan
nan nan
nan nan
nan nan
nan nan
nan nan
nan nan
nan nan
nan nan
nan nan
nan nan
5.119971893415481206e-04 2.647250456037293134e+02
1.023911710345425975e-02 8.417854731903749634e-04
nan nan
1.255265850070576457e-02 1.193726169182379032e-03
nan nan
1.983966913200463714e-02 3.243167675914091549e-03
nan nan
nan nan
nan nan
8.329790415815670201e-03 1.029106516854210807e-03
1.974639494456831203e-03 7.571121513911265206e-04
4.284413645721894294e-03 nan
nan nan
1.036301870966040498e-03 1.401343878782693952e+00
nan nan
nan nan
nan nan
1.459580176112885985e-02 2.856797141849502526e-03
nan nan
nan nan
nan nan
nan nan
nan nan
nan nan
nan nan
nan nan
nan nan
2.482701522925950290e-03 7.790597688894990332e-03
nan nan
nan nan
nan nan
nan nan
nan nan
nan nan
nan nan
nan nan
1.451431999921392810e-02 2.883839481886368069e-03
nan nan
nan nan
nan nan
nan nan
7.436231244625565208e-03 8.125130554418068035e-04
nan nan
nan nan
nan nan
nan nan
nan nan
7.733162873822287120e-03 6.559269083786354758e-04
nan nan
nan nan
5.045818352500416968e-04 7.062150262621648064e-03
nan nan
nan nan
nan nan
nan nan
nan nan
nan nan
nan nan
nan nan
nan nan
nan nan
nan nan
nan nan
nan nan
nan nan
1.522790676353352399e-02 9.388165586294920347e-04
nan nan
nan nan
nan nan
nan nan
nan nan
nan nan
nan nan
nan nan
nan nan
nan nan
nan nan
1.375229844817545512e-03 6.135024941942539799e-03
nan nan
nan nan
nan nan
nan nan
nan nan
nan nan
nan nan
nan nan
nan nan
nan nan
nan nan
1.596552523972046347e-02 3.374404331347194592e-03
nan nan
nan nan
2.188447169828380140e-03 5.127887038729286081e-04
nan nan
nan nan
nan nan
nan nan
nan nan
nan nan
nan nan
nan nan
1.251846733093124955e-02 nan
nan nan
nan nan
nan nan
nan nan
nan nan
nan nan
nan nan
nan nan
nan nan
nan nan
3.638293727832329905e-03 3.075089109603973067e-02
nan nan
nan nan
7.868192105890130413e-04 1.814518378886192068e+03
nan nan
nan nan
nan nan
nan nan
nan nan
1.456005180708804274e-04 2.427464434884557249e+02
nan nan
nan nan
nan nan
nan nan
nan nan
nan nan
nan nan
nan nan
5.739182094364088382e-04 6.035305911547553248e-02
nan nan
nan nan
nan nan
nan nan
nan nan
1.910504425838127282e-03 1.362801199623121275e-03
nan nan
nan nan
nan nan
nan nan
nan nan
nan nan
nan nan
4.116600770567857559e-03 1.150699891997997203e-03
nan nan
nan nan
nan nan
nan nan
nan nan
nan nan
7.900217216919323826e-03 2.612089372720480807e-01
nan nan
nan nan
nan nan
3.888757430458156597e-03 1.392172377458661663e-03
5.396803463063250435e-04 1.093079137294973024e-01
nan nan
nan nan
nan nan
nan nan
nan nan
nan nan
nan nan
nan nan
nan nan
nan nan
1.738876924965891690e-02 1.757936995103970453e-03
nan nan
nan nan
nan nan
nan nan
nan nan
nan nan
nan nan
nan nan
nan nan
nan nan
nan nan
6.365973125631819649e-03 9.911692191209460750e-04
nan nan
5.935005911464766651e-04 1.557697199841779068e-01
nan nan
nan nan
nan nan
nan nan
nan nan
3.297852614595574161e-02 2.446948098297416566e-02
nan nan
nan nan
4.860061446026969420e-03 5.916016302101776390e-04
nan nan
nan nan
nan nan
nan nan
nan nan
nan nan
2.022357013630300682e-03 6.404521204802151625e-03
nan nan
nan nan
nan nan
nan nan
nan nan
nan nan
nan nan
nan nan
nan nan
nan nan
3.149295875866017780e-02 4.489551929508708329e-03
1.972732416268932823e-02 2.366789044069202066e-03
nan nan
5.391847739973174708e-02 8.782903654172967423e-03
nan nan
nan nan
nan nan
nan nan
nan nan
nan nan
nan nan
4.578627901491969659e-02 4.559183054462234014e-02
nan nan
nan nan
nan nan
nan nan
1.913375817203797399e-03 2.077583182679798839e-03
nan nan
nan nan
nan nan
nan nan
nan nan
nan nan
nan nan
nan nan
nan nan
nan nan
nan nan
nan nan
nan nan
nan nan
nan nan
nan nan
nan nan
4.333371377065499408e-03 5.968052201531476135e-04
nan nan
nan nan
7.044258622420624012e-03 6.450573709190097951e-04
nan nan
nan nan
nan nan
nan nan
2.440726587734855409e-04 2.284789420885786182e+00
nan nan
nan nan
nan nan
1.600082380476058278e-03 9.213062105481623380e-04
nan nan
9.499000554185780881e-04 2.943540681607222098e-02
nan nan
nan nan
1.061459076058336119e-03 1.078834291119256522e-02
nan nan
nan nan
8.041599838784522711e-04 4.743318514751032611e-02
2.979837934282109080e-02 4.732769085733340951e-03
nan nan
nan nan
nan nan
nan nan
nan nan
nan nan
nan nan
1.671319419757164026e-03 3.333969797667944712e-03
nan nan
nan nan
1.002580687305986524e-03 2.062303166519628000e-02
nan nan
1.298207084693160369e-04 1.137115856333120156e+01
nan nan
nan nan
nan nan
nan nan
nan nan
nan nan
nan nan
nan nan
nan nan
nan nan
nan nan
nan nan
nan nan
1.251758891789452738e-02 1.726881957888324638e-03
nan nan
nan nan
3.165769260236077354e-02 1.213381469137038253e-02
nan nan
nan nan
nan nan
nan nan
nan nan
2.319920597691200667e-02 8.659870952634545968e-03
nan nan
nan nan
nan nan
nan nan
nan nan
nan nan
nan nan
nan nan
nan nan
nan nan
nan nan
1.170532652547377631e-04 6.022815023770247223e+01
nan nan
nan nan
3.495923395785846544e-03 2.755925307726778302e-04
nan nan
1.704562899662802680e-02 1.735706806224153681e-03
nan nan
3.393188625533890852e-04 6.153205999138492421e-01
nan nan
2.809180321763291889e-03 8.143495624104701023e-04
1.550368141765527154e-03 4.122130731565584912e-03
nan nan
7.111524201112684159e-04 3.779145084094102935e-02
nan nan
nan nan
9.761380805960460970e-04 6.329179505037614561e-02
nan nan
1.778775929203277057e-03 5.209271175892710246e-04
nan nan
nan nan
nan nan
nan nan
nan nan
nan nan
nan nan
nan nan
nan nan
nan nan
nan nan
5.045180817846107914e-04 7.738070337020303696e-03
nan nan
nan nan
nan nan
nan nan
nan nan
nan nan
nan nan
2.275254897096271392e-03 1.429023711631472252e-03
nan nan
nan nan
1.566411517411913149e-04 9.872583847912023813e+00
nan nan
2.552762789572664281e-03 nan
nan nan
nan nan
nan nan
4.748613802405068657e-04 2.657503876849098834e-01
3.015770621575903504e-02 4.210028305468256800e-03
nan nan
nan nan
1.232321203634509366e-02 1.620293980458202337e-03
nan nan
nan nan
nan nan
nan nan
nan nan
6.866935732476586989e-04 3.366745524721627691e-01
nan nan
nan nan
nan nan
nan nan
nan nan
1.071010026975143317e-02 1.999904837879066307e-03
nan nan
nan nan
nan nan
8.124683153295856860e-04 9.203493213957188862e-03
nan nan
nan nan
nan nan
nan nan
nan nan
nan nan
nan nan
nan nan
nan nan
nan nan
nan nan
nan nan
nan nan
nan nan
nan nan
nan nan
nan nan
nan nan
nan nan
1.661790168469765927e-03 8.199702450021393099e-03
nan nan
1.255258179744192515e-02 2.093250747346242242e-03
2.502981436635597079e-02 4.224994781024837831e-03
nan nan
nan nan
1.025221160958146062e-02 1.579935808056901099e-03
1.467032337687652855e-03 9.299487132955664218e-03
nan nan
nan nan
nan nan
nan nan
nan nan
nan nan
nan nan
nan nan
nan nan
nan nan
nan nan
nan nan
nan nan
nan nan
nan nan
3.752189598287365702e-02 5.555944228103778214e-03
nan nan
nan nan
nan nan
2.455856282128204143e-02 8.543638934253821107e-03
nan nan
1.541423218502029448e-04 3.745837049948421793e+01
nan nan
nan nan
6.532521272575685231e-04 5.954966688205293179e-02
nan nan
3.019269545790114698e-03 2.221111227116696440e-04
1.826272297397856653e-02 2.698288157126919190e-03
nan nan
nan nan
nan nan
nan nan
nan nan
nan nan
nan nan
nan nan
nan nan
2.802527885470281963e-02 1.577794444175337901e-02
nan nan
nan nan
nan nan
nan nan
nan nan
nan nan
nan nan
nan nan
4.109875438388854024e-02 3.284492476753661516e-02
nan nan
nan nan
nan nan
nan nan
5.616381315664381287e-04 1.005202682110902246e-01
nan nan
nan nan
nan nan
nan nan
nan nan
nan nan
nan nan
nan nan
nan nan
nan nan
nan nan
nan nan
nan nan
nan nan
nan nan
nan nan
nan nan
nan nan
nan nan
nan nan
nan nan
nan nan
nan nan
1.443680094269331193e-01 5.389196783980549493e-02
nan nan
nan nan
nan nan
nan nan
4.175249063397388355e-02 4.829322788191689475e-03
nan nan
nan nan
3.606681451914748454e-02 5.584616238845985237e-03
nan nan
nan nan
nan nan
nan nan
nan nan
nan nan
nan nan
nan nan
nan nan
4.703945491835922338e-02 1.895986114209466042e-02
nan nan
nan nan
nan nan
nan nan
nan nan
nan nan
nan nan
nan nan
nan nan
9.054377899353465570e-03 1.234347518708620983e-03
5.532715919166252341e-04 9.802427648761989284e-03
nan nan
nan nan
5.986190437696394927e-04 8.797668922819532056e-02
nan nan
1.447118954620536324e-04 2.767589744414381325e+00
nan nan
nan nan
nan nan
nan nan
nan nan
nan nan
nan nan
nan nan
nan nan
nan nan
nan nan
nan nan
nan nan
nan nan
nan nan
nan nan
nan nan
nan nan
nan nan
nan nan
nan nan
1.287723107083857052e-02 1.342419208970712123e-03
nan nan
nan nan
nan nan
8.658766922239383417e-04 3.492860124686957002e-02
nan nan
nan nan
1.592304240849864907e-03 4.218085798554805504e-03
nan nan
nan nan
nan nan
nan nan
nan nan
1.471723495537870154e-03 8.379976804122123840e-03
nan nan
nan nan
2.383698800592706779e-03 2.061185615844602845e-03
1.595066379354961525e-02 2.565687742840240364e-03
nan nan
nan nan
nan nan
nan nan
3.701000158682899691e-04 5.540041367195347455e-01
nan nan
nan nan
nan nan
8.027248941498152726e-04 3.265042905464008577e-02
nan nan
nan nan
nan nan
nan nan
nan nan
nan nan
nan nan
nan nan
nan nan
nan nan
nan nan
nan nan
nan nan
nan nan
nan nan
5.410049234281071213e-03 nan
nan nan
5.888131989076400216e-04 1.420010695785036033e-02
nan nan
nan nan
nan nan
nan nan
nan nan
nan nan
nan nan
nan nan
nan nan
nan nan
nan nan
nan nan
nan nan
nan nan
nan nan
nan nan
nan nan
nan nan
8.792402042594313002e-04 4.759160074520488865e-02
3.971162853988119412e-02 4.658200941623219515e-02
nan nan
nan nan
nan nan
nan nan
nan nan
nan nan
nan nan
2.962427110554228388e-02 4.133258711634224536e-03
nan nan
3.732561154471666920e-03 7.857673464383207801e-04
nan nan
nan nan
nan nan
nan nan
nan nan
nan nan
nan nan
nan nan
5.403899617284752379e-04 7.571158952464482859e-03
3.443624043524770757e-03 nan
nan nan
nan nan
5.834877075918390096e-04 1.574864294745551840e-01
nan nan
nan nan
nan nan
nan nan
nan nan
nan nan
nan nan
nan nan
nan nan
nan nan
nan nan
3.763400524773430193e-04 8.184364529622860118e+02
9.818238485429669517e-04 2.019754557490401406e-02
nan nan
nan nan
nan nan
nan nan
nan nan
nan nan
nan nan
nan nan
nan nan
nan nan
nan nan
nan nan
nan nan
nan nan
nan nan
nan nan
nan nan
nan nan
nan nan
nan nan
nan nan
nan nan
nan nan
3.902105234758201056e-03 8.517250279618848773e-04
nan nan
nan nan
nan nan
1.212570737380157422e-04 7.214210495878637630e+01
2.129272637148372886e-03 nan
nan nan
nan nan
nan nan
nan nan
nan nan
nan nan
nan nan
nan nan
nan nan
4.703275305099407361e-03 7.343021927529570867e-04
1.064860504819413640e-03 1.482479580680597445e-02
nan nan
nan nan
nan nan
2.488739168828595430e-03 7.124336723819394389e-03
nan nan
nan nan
nan nan
nan nan
nan nan
nan nan
nan nan
nan nan
nan nan
nan nan
3.288983340830426046e-03 6.259681636580270931e-04
nan nan
nan nan
nan nan
nan nan
nan nan
nan nan
nan nan
nan nan
9.971464679879802066e-05 1.759293593616544626e+01
nan nan
nan nan
nan nan
nan nan
nan nan
nan nan
nan nan
nan nan
nan nan
nan nan
nan nan
nan nan
nan nan
nan nan
nan nan
nan nan
nan nan
nan nan
nan nan
nan nan
nan nan
nan nan
nan nan
nan nan
nan nan
3.112981387713291501e-03 5.436145648570329903e-04
4.419631790406861049e-02 7.789022118364658832e-03
nan nan
nan nan
nan nan
nan nan
nan nan
nan nan
nan nan
nan nan
nan nan
nan nan
nan nan
nan nan
nan nan
nan nan
nan nan
4.225132113022202901e-02 nan
nan nan
nan nan
nan nan
nan nan
nan nan
nan nan
nan nan
nan nan
nan nan
nan nan
2.173489816211817555e-03 6.334298698920329956e-04
2.357828716406188026e-03 4.128866240272417026e-02
nan nan
nan nan
nan nan
nan nan
nan nan
nan nan
nan nan
nan nan
nan nan
1.018448522585141966e-03 1.885274447626371364e-02
nan nan
nan nan
nan nan
1.901606317114864879e-03 3.457648480460451170e-03
nan nan
nan nan
nan nan
nan nan
nan nan
nan nan
nan nan
nan nan
nan nan
9.729194250121035031e-03 9.452065036413952745e-04
nan nan
nan nan
nan nan
nan nan
1.000260305025487773e-04 2.073669121871186150e+01
nan nan
nan nan
nan nan
nan nan
nan nan
nan nan
nan nan
nan nan
nan nan
nan nan
nan nan
nan nan
nan nan
nan nan
nan nan
nan nan
nan nan
nan nan
nan nan
nan nan
nan nan
nan nan
nan nan
1.978787386279391312e-04 3.947131542528148884e+01
nan nan
nan nan
nan nan
nan nan
nan nan
nan nan
nan nan
nan nan
1.743998031390617612e-02 3.299438540198353954e-03
nan nan
nan nan
6.178834424615893030e-03 5.931916986364532338e-04
nan nan
nan nan
nan nan
nan nan
1.738085458078534847e-03 3.317947886090919299e-03
nan nan
nan nan
nan nan
nan nan
nan nan
nan nan
nan nan
nan nan
nan nan
nan nan
nan nan
nan nan
nan nan
nan nan
nan nan
nan nan
nan nan
nan nan
nan nan
nan nan
nan nan
nan nan
nan nan
nan nan
nan nan
nan nan
nan nan
nan nan
nan nan
nan nan
nan nan
nan nan
nan nan
nan nan
nan nan
nan nan
nan nan
nan nan
nan nan
2.907521333645590039e-04 5.219740385448955466e-01
nan nan
nan nan
nan nan
nan nan
nan nan
nan nan
nan nan
nan nan
8.020454731728421990e-04 nan
nan nan
1.353163583738873840e-02 2.532292174545715344e-03
nan nan
nan nan
nan nan
nan nan
8.640920009308401557e-04 2.090727808684590683e-02
nan nan
nan nan
5.468947711621145518e-04 nan
nan nan
2.070975155029305438e-03 3.483944394038870213e-03
nan nan
nan nan
nan nan
nan nan
nan nan
nan nan
nan nan
nan nan
nan nan
nan nan
nan nan
nan nan
nan nan
nan nan
nan nan
nan nan
nan nan
nan nan
nan nan
nan nan
nan nan
nan nan
nan nan
nan nan
nan nan
nan nan
nan nan
nan nan
nan nan
nan nan
nan nan
nan nan
nan nan
nan nan
2.410532651293257125e-02 2.050862486353685968e-02
nan nan
nan nan
nan nan
nan nan
nan nan
nan nan
nan nan
nan nan
nan nan
nan nan
nan nan
nan nan
nan nan
nan nan
2.886381168068948011e-03 nan
nan nan
2.663351103240602438e-02 2.272089168076981899e-02
nan nan
nan nan
nan nan
nan nan
nan nan
nan nan
1.216385753994620161e-03 3.399389428359124565e+01
1.220436048234397551e-04 2.242164767204244527e+03
nan nan
nan nan
nan nan
nan nan
nan nan
nan nan
nan nan
3.116779859315871575e-03 9.485484413081758659e-03
nan nan
nan nan
nan nan
nan nan
nan nan
nan nan
nan nan
nan nan
nan nan
nan nan
nan nan
nan nan
nan nan
2.133046541206349081e-02 nan
nan nan
nan nan
nan nan
3.394459586479785934e-02 4.974151049540567401e-03
nan nan
nan nan
5.840013564824388451e-04 1.505889035723210201e-01
nan nan
nan nan
nan nan
nan nan
nan nan
nan nan
1.329668799739713338e-02 2.272264143930227080e-03
2.429181277561302376e-03 2.683765650622391315e-03
nan nan
5.304855675071765879e-04 7.110691120107298820e-03
nan nan
nan nan
nan nan
nan nan
nan nan
nan nan
nan nan
nan nan
nan nan
nan nan
nan nan
nan nan
nan nan
1.057575131511808737e-04 1.472447268814672938e+01
nan nan
nan nan
nan nan
nan nan
nan nan
nan nan
nan nan
nan nan
nan nan
nan nan
nan nan
nan nan
nan nan
1.341503658863514711e-03 7.810819840423002987e-03
nan nan
nan nan
nan nan
nan nan
nan nan
nan nan
nan nan
nan nan
nan nan
nan nan
nan nan
nan nan
nan nan
nan nan
nan nan
nan nan
nan nan
2.795171877981870653e-02 1.011121743061273864e-02
2.149799729771176976e-02 nan
nan nan
nan nan
nan nan
nan nan
4.837097513996238638e-04 3.064513435211494441e-01
nan nan
nan nan
nan nan
nan nan
nan nan
nan nan
nan nan
nan nan
nan nan
nan nan
nan nan
nan nan
nan nan
nan nan
1.823225988048034901e-02 nan
3.270597696616070037e-03 nan
nan nan
nan nan
nan nan
nan nan
nan nan
nan nan
nan nan
nan nan
nan nan
nan nan
nan nan
nan nan
3.486878480765350820e-04 7.115294648344030470e-01
nan nan
nan nan
nan nan
nan nan
nan nan
4.953833102392061344e-04 7.648117555087816100e-02
nan nan
nan nan
nan nan
nan nan
3.637699871031806198e-02 nan
nan nan
1.245678747199433292e-02 2.219113690432182769e-03
nan nan
nan nan
nan nan
nan nan
nan nan
4.252433349151645003e-02 nan
nan nan
nan nan
nan nan
nan nan
nan nan
nan nan
nan nan
nan nan
nan nan
3.464736339056070490e-03 7.115338710794341485e-04
nan nan
nan nan
nan nan
nan nan
nan nan
nan nan
nan nan
nan nan
nan nan
nan nan
nan nan
nan nan
nan nan
nan nan
nan nan
nan nan
nan nan
nan nan
nan nan
nan nan
nan nan
nan nan
nan nan
nan nan
nan nan
nan nan
nan nan
nan nan
nan nan
nan nan
nan nan
nan nan
nan nan
1.021512382188198217e-03 2.162832880782457681e-02
nan nan
nan nan
nan nan
nan nan
nan nan
nan nan
4.852460213252523776e-04 2.659120508271425876e-01
5.154393286324334637e-04 6.255578613508028588e-03
nan nan
nan nan
nan nan
nan nan
5.686019537630204517e-04 1.787342523734188338e-01
nan nan
nan nan
nan nan
nan nan
nan nan
nan nan
1.072029398113575477e-03 1.421097407115315403e-02
nan nan
nan nan
3.658883672773120127e-03 nan
nan nan
nan nan
nan nan
nan nan
nan nan
nan nan
nan nan
nan nan
nan nan
nan nan
nan nan
nan nan
nan nan
3.036424268674779020e-02 6.452546461276677421e-03
nan nan
nan nan
nan nan
nan nan
nan nan
nan nan
nan nan
nan nan
nan nan
nan nan
nan nan
nan nan
nan nan
nan nan
1.442585402987494637e-02 3.437061651313434111e-03
nan nan
7.808283156635709241e-04 nan
nan nan
nan nan
nan nan
nan nan
nan nan
nan nan
nan nan
nan nan
nan nan
nan nan
nan nan
3.380340345343338382e-02 6.780038927440583917e-03
nan nan
1.729325896438914031e-02 nan
nan nan
3.078545245490085444e-02 6.054242235670768968e-03
nan nan
nan nan
nan nan
nan nan
nan nan
nan nan
nan nan
nan nan
nan nan
3.909323461017810870e-03 5.218427924836684323e-04
1.271507190650521257e-03 1.551641982287448518e-03
nan nan
nan nan
nan nan
nan nan
3.306492785609001228e-02 5.437093644613414344e-03
nan nan
nan nan
nan nan
3.071296475123482493e-03 6.527900367977909320e-04
nan nan
nan nan
nan nan
nan nan
8.070222213992316431e-04 4.062928500690229233e-03
2.623780018038982670e-02 nan
nan nan
nan nan
8.075897599647123039e-04 2.767398200815066739e-02
nan nan
nan nan
9.707076384314264469e-04 3.252296155528699734e-03
nan nan
3.815111149734581766e-04 nan
nan nan
nan nan
nan nan
3.004769293062649251e-03 1.105866673349801968e-03
nan nan
nan nan
nan nan
4.591021166477908533e-03 5.174810189553358643e-04
nan nan
nan nan
nan nan
nan nan
nan nan
6.374667282028661369e-03 nan
nan nan
nan nan
nan nan
nan nan
nan nan
nan nan
nan nan
nan nan
nan nan
2.319903053733922589e-03 2.496457897600297578e-03
nan nan
6.224405407860587663e-04 8.630798536134666465e-02
nan nan
nan nan
nan nan
1.587109043297925317e-04 8.580050216162639742e+00
nan nan
nan nan
nan nan
nan nan
nan nan
2.918402883439892223e-02 1.611016216191444791e-02
nan nan
nan nan
nan nan
nan nan
nan nan
1.646539046103422761e-03 5.981697955607271494e-03
nan nan
nan nan
nan nan
nan nan
nan nan
nan nan
7.014505905805924063e-04 4.062655382023060147e-02
nan nan
nan nan
nan nan
nan nan
nan nan
nan nan
1.998601717902064208e-03 6.561561849101077036e-04
nan nan
nan nan
nan nan
nan nan
nan nan
nan nan
nan nan
nan nan
nan nan
8.275753612120414961e-04 2.304772100869866350e-03
nan nan
nan nan
5.338617580572231711e-04 2.131535418971529372e-01
nan nan
nan nan
nan nan
nan nan
nan nan
nan nan
nan nan
nan nan
nan nan
nan nan
nan nan
nan nan
nan nan
nan nan
1.317848123767051058e-02 2.846512322227388696e-03
nan nan
2.027017799786933958e-02 nan
nan nan
1.432404380959025362e-03 1.437096423556122153e-02
1.570916926923751622e-02 1.421386760767731541e-03
nan nan
nan nan
6.019737338301723055e-04 3.573367918312059938e-02
nan nan
nan nan
nan nan
nan nan
nan nan
nan nan
nan nan
2.908751933089867570e-02 3.968661307824911458e-03
4.136243467136290972e-03 8.561582567810010688e-04
nan nan
nan nan
nan nan
nan nan
nan nan
nan nan
nan nan
nan nan
nan nan
2.088694481896718677e-02 2.386126800451374586e-03
nan nan
nan nan
nan nan
nan nan
nan nan
nan nan
nan nan
nan nan
nan nan
nan nan
nan nan
nan nan
nan nan
nan nan
1.200593915543638791e-02 nan
nan nan
nan nan
nan nan
nan nan
nan nan
nan nan
nan nan
nan nan
nan nan
3.176311068812434288e-03 2.973992428693216622e-04
1.026773966987705108e-03 5.897614981961080138e-02
nan nan
1.732918232480048365e-02 4.173444987276486370e-03
nan nan
nan nan
nan nan
nan nan
nan nan
nan nan
6.105322910174551445e-04 1.160430775443154483e-01
nan nan
5.877401131383141542e-04 6.444151001812783823e-03
8.827792519117748458e-04 2.652084322917342557e-02
nan nan
nan nan
nan nan
3.495925228306697320e-03 8.049770955235855839e-04
nan nan
nan nan
nan nan
nan nan
nan nan
1.041325736933516009e-03 1.376902513924778935e-02
nan nan
nan nan
6.899275017762682236e-04 3.820431309792203523e-02
nan nan
nan nan
2.294613457402477907e-02 5.249232863380862146e-02
4.288514624780508794e-03 7.024767056318155121e-04
nan nan
nan nan
nan nan
nan nan
nan nan
nan nan
1.320094932100553640e-02 1.712372608224437811e-03
nan nan
nan nan
nan nan
nan nan
nan nan
nan nan
nan nan
nan nan
nan nan
nan nan
nan nan
nan nan
5.371061056280894766e-03 5.024985508518617231e-04
nan nan
nan nan
nan nan
nan nan
nan nan
nan nan
nan nan
nan nan
nan nan
nan nan
nan nan
7.551681921023348709e-04 3.592939765146401648e-02
nan nan
nan nan
nan nan
nan nan
nan nan
3.188449990919231102e-03 3.213296142754810177e-03
nan nan
nan nan
nan nan
nan nan
nan nan
3.947008024876732732e-03 4.294348107350834734e-04
nan nan
nan nan
nan nan
nan nan
1.081175975669117738e-04 1.261099056224798254e+01
nan nan
nan nan
nan nan
nan nan
nan nan
8.913009207544738939e-04 2.810174571052011586e-02
1.334072654336090577e-04 2.803997587066966446e+01
nan nan
6.501100150925570543e-04 7.527375521427284374e-03
2.491351986725182620e-03 1.384882264733483222e-03
nan nan
nan nan
nan nan
nan nan
nan nan
nan nan
nan nan
nan nan
2.877005374706295259e-03 1.494657668979179925e-03
1.047393655314258522e-02 1.538053732423578113e-03
nan nan
nan nan
nan nan
nan nan
nan nan
nan nan
nan nan
nan nan
nan nan
2.944845951806458924e-03 7.633909828541476450e-04
2.254091803985119880e-02 5.715985875842479087e-03
3.900455794187397424e-03 9.065583853822544455e-04
1.457357270386473247e-03 1.269845549447867327e-03
nan nan
nan nan
nan nan
nan nan
nan nan
8.721299670801275702e-03 1.195972144333439522e-03
nan nan
nan nan
nan nan
nan nan
nan nan
nan nan
nan nan
1.614970349013119264e-03 4.264520685090022849e-03
nan nan
nan nan
nan nan
nan nan
nan nan
3.235619873988832386e-04 7.969633870042786006e-01
nan nan
nan nan
nan nan
nan nan
1.227724161739973327e-03 1.097869288143684535e-02
1.557362822255630060e-02 1.482466315739028664e-03
nan nan
nan nan
1.276534022266577473e-02 nan
nan nan
nan nan
nan nan
nan nan
2.496851431627913898e-02 9.471324426081029549e-03
4.656642461551846468e-02 nan
1.563377964438104895e-02 1.467171363093590537e-03
nan nan
nan nan
nan nan
nan nan
nan nan
nan nan
nan nan
9.771877678931195545e-04 2.616262411244298439e-02
nan nan
nan nan
nan nan
nan nan
nan nan
1.309355548733348801e-04 8.230278741474029047e+00
nan nan
nan nan
2.925818876781697327e-03 4.278461574685885798e-04
nan nan
nan nan
nan nan
nan nan
8.266261259196023376e-04 1.432204333160524756e+00
nan nan
1.390804195734027769e-03 5.408641335056229016e-01
nan nan
nan nan
nan nan
nan nan
nan nan
nan nan
1.575069570478808412e-02 3.817283176455825953e-03
3.922845101784927166e-03 1.671914166066387026e-03
nan nan
nan nan
2.095032301566050401e-02 3.249562402248672849e-03
nan nan
1.338261196376293576e-03 nan
5.621616258426611126e-03 2.061444785349662509e-02
nan nan
nan nan
nan nan
nan nan
nan nan
nan nan
nan nan
nan nan
3.066428629585949556e-02 5.567508017471812717e-03
1.098514350955208212e-02 nan
nan nan
nan nan
nan nan
nan nan
nan nan
nan nan
1.876379224604766711e-03 6.577403890140384908e-03
nan nan
nan nan
nan nan
3.186067923631994564e-03 3.510142566754606412e-04
nan nan
1.548075334705321937e-03 1.128694499517457657e-02
nan nan
nan nan
nan nan
nan nan
nan nan
nan nan
nan nan
nan nan
7.121068720066822504e-04 6.871863304661590677e-02
1.168992139212611699e-03 1.110441624822383969e-02
nan nan
nan nan
nan nan
nan nan
1.462485601318018989e-02 6.099929303065994637e-03
nan nan
nan nan
2.926768160622170850e-02 1.290274823691451300e-01
nan nan
3.260209966957006676e-03 1.344569333282858445e-03
nan nan
nan nan
nan nan
nan nan
nan nan
nan nan
1.629061619301871294e-02 1.984738714518021353e-03
nan nan
nan nan
nan nan
nan nan
2.844837071057418690e-02 5.672339402029072560e-03
9.123110969650626749e-05 nan
nan nan
nan nan
nan nan
nan nan
nan nan
nan nan
nan nan
nan nan
nan nan
nan nan
nan nan
2.791831000739732321e-03 6.143522345646394971e-04
nan nan
nan nan
nan nan
nan nan
nan nan
1.507467707094340944e-04 nan
1.005074277615443379e-02 2.891465851200468798e-03
nan nan
nan nan
nan nan
1.725466788865629222e-03 4.525226540952764602e-03
nan nan
3.114953670961719944e-03 nan
nan nan
nan nan
nan nan
nan nan
nan nan
nan nan
nan nan
3.983465749188692256e-03 3.620680369716371269e-04
1.195979977430278434e-03 nan
nan nan
1.841875929917085805e-02 1.127497219166480411e-03
nan nan
nan nan
1.430799345724013266e-02 2.265439499255790089e-03
nan nan
nan nan
nan nan
nan nan
nan nan
nan nan
2.915015442296534434e-02 1.244511204203155655e-02
nan nan
nan nan
nan nan
nan nan
1.468282851428803337e-03 3.387623657341872537e-03
3.283567136771092972e-03 1.156447941148842787e-03
nan nan
nan nan
nan nan
nan nan
nan nan
1.152400209332210459e-04 1.348899265281270488e+01
nan nan
nan nan
nan nan
nan nan
nan nan
3.344572179433484560e-02 5.121094384264020423e-03
nan nan
2.405170558835613946e-03 2.223624942051849723e-03
nan nan
nan nan
nan nan
nan nan
nan nan
nan nan
nan nan
6.975759376456858955e-04 5.807387369638430247e-02
nan nan
nan nan
8.580112433052835760e-03 9.754993346892529889e-04
nan nan
nan nan
nan nan
6.814571324384893249e-04 9.747328066060240159e-02
3.504825702596811587e-02 5.163015897995094916e-03
nan nan
nan nan
nan nan
nan nan
nan nan
nan nan
nan nan
nan nan
nan nan
1.522778310561089324e-02 2.308533016196046006e-03
nan nan
nan nan
1.389235667168053738e-02 1.623160528460000163e-03
nan nan
nan nan
nan nan
nan nan
nan nan
nan nan
nan nan
nan nan
nan nan
2.071622879002118448e-03 1.693783278834012874e-03
nan nan
nan nan
nan nan
nan nan
4.677237839552456089e-03 nan
2.682181924185829056e-03 2.478340639462288993e-03
9.599907142107644634e-03 nan
nan nan
nan nan
nan nan
3.022588158086573010e-02 nan
nan nan
nan nan
nan nan
nan nan
nan nan
nan nan
nan nan
nan nan
nan nan
nan nan
nan nan
nan nan
nan nan
4.590088546195063984e-03 1.451294928621253352e-03
nan nan
nan nan
nan nan
6.385942821134495823e-03 9.910587343328128296e-04
3.791486841319599219e-03 4.142518188379990082e-04
1.663433868466006273e-04 1.287432103880536829e+02
nan nan
nan nan
nan nan
nan nan
1.895905479740517957e-03 5.446778128055963612e-03
nan nan
7.009129476986501739e-04 4.130210716366350399e-02
1.966704005188663062e-02 6.419798816352112643e-03
nan nan
3.483179849785688481e-02 nan
nan nan
1.009111048275591893e-03 4.098600160597404285e-02
nan nan
nan nan
nan nan
nan nan
nan nan
2.347639811984391159e-02 1.626291427590601663e-02
3.358362459169147302e-02 8.047902870760145419e-03
3.211556952659409651e-03 5.896150495755406520e-04
nan nan
nan nan
nan nan
nan nan
1.071984095873433109e-03 1.442174490120900696e-02
nan nan
nan nan
nan nan
nan nan
nan nan
nan nan
2.293861201031252572e-02 4.924786474335304115e-03
nan nan
1.510389417370545679e-03 nan
nan nan
nan nan
nan nan
nan nan
nan nan
nan nan
nan nan
nan nan
nan nan
nan nan
2.975893793488031645e-03 8.316416517515455705e-04
2.090777195470028878e-03 7.374699672025296924e-04
nan nan
nan nan
1.532812759421535095e-02 1.442356659725821388e-01
nan nan
nan nan
nan nan
nan nan
nan nan
nan nan
nan nan
9.213605139168086055e-04 1.868007922030098453e-02
9.753484772819260174e-04 1.282485021032630026e-02
nan nan
nan nan
nan nan
nan nan
nan nan
nan nan
nan nan
1.305685192603450338e-03 6.753331879055867598e-03
nan nan
nan nan
nan nan
nan nan
nan nan
nan nan
nan nan
nan nan
nan nan
nan nan
nan nan
nan nan
nan nan
nan nan
nan nan
nan nan
nan nan
nan nan
1.268866954056652001e-02 1.330643748447253886e-03
nan nan
nan nan
3.066763031846497789e-03 4.008600249124532927e-04
nan nan
nan nan
nan nan
nan nan
nan nan
nan nan
nan nan
nan nan
nan nan
nan nan
nan nan
7.438051186512368912e-04 1.691548318401380618e-02
7.680076176409637856e-04 nan
nan nan
nan nan
2.839583921727711641e-03 3.056006609558365589e-04
nan nan
nan nan
nan nan
nan nan
nan nan
nan nan
nan nan
nan nan
nan nan
3.381379125399395190e-03 2.273363783741001384e-04
nan nan
nan nan
nan nan
nan nan
nan nan
nan nan
nan nan
nan nan
1.152977506278292391e-04 9.317252557042857575e+01
nan nan
nan nan
nan nan
nan nan
nan nan
nan nan
nan nan
nan nan
nan nan
8.980649016956502608e-05 3.134132001252717714e+01
3.598166550091218968e-02 2.626547321345929636e-02
nan nan
nan nan
nan nan
nan nan
nan nan
nan nan
nan nan
nan nan
nan nan
nan nan
nan nan
nan nan
nan nan
nan nan
nan nan
nan nan
nan nan
3.526691734443048246e-03 nan
nan nan
5.158307799525502034e-05 2.804330847720322595e+02
nan nan
nan nan
nan nan
1.120619069716524349e-02 1.599867387009042043e-03
nan nan
6.187838672920678573e-03 1.515857012332273018e-03
nan nan
nan nan
nan nan
1.599113009570327787e-02 1.769650843565296608e-03
nan nan
1.100604793290721993e-03 3.662737196314640870e-02
nan nan
nan nan
nan nan
1.271739190317512647e-03 6.811415496326981601e-03
nan nan
nan nan
nan nan
nan nan
nan nan
nan nan
nan nan
nan nan
3.011639199690282521e-03 7.867905804104780281e-04
nan nan
nan nan
nan nan
nan nan
nan nan
nan nan
4.108369376144485954e-03 2.209257915072997906e-03
nan nan
nan nan
nan nan
nan nan
nan nan
nan nan
nan nan
nan nan
1.617403407554817568e-02 2.042135227566071499e-03
1.871304699435027974e-02 1.944778985520474127e-03
nan nan
nan nan
nan nan
nan nan
nan nan
1.635160966872682264e-03 4.654236314099746176e-03
nan nan
nan nan
nan nan
nan nan
nan nan
nan nan
nan nan
nan nan
nan nan
2.626042454543221771e-02 5.779895192503835960e-03
2.988682610626357955e-02 4.077396467525796347e-03
3.071271094906475804e-02 1.064480688041109964e-02
5.624439593273496910e-04 1.694108244884397207e-01
nan nan
nan nan
nan nan
nan nan
nan nan
nan nan
nan nan
nan nan
nan nan
nan nan
nan nan
nan nan
nan nan
nan nan
nan nan
1.494267706782815078e-03 5.878583193611487678e-03
nan nan
nan nan
nan nan
nan nan
1.449187293080599764e-02 3.428250780975254392e-03
1.835227243690462163e-03 3.096047350943821955e-03
1.027520425046541666e-03 1.081182312888241681e-02
1.138377247576876413e-03 6.180220313395867038e+01
nan nan
nan nan
1.684335617259560380e-04 1.377549777409397791e+02
2.134689210381375893e-03 1.378250672074472216e-01
nan nan
1.418120862133122849e-03 2.598531898726403472e-03
nan nan
nan nan
7.182423321619128311e-03 nan
nan nan
nan nan
nan nan
8.706385426593188370e-03 nan
nan nan
3.173626582828806188e-03 4.818839870114998824e-04
nan nan
1.444906291011380760e-02 1.881542392505996825e-03
4.282453717818284281e-03 nan
nan nan
nan nan
3.727856366482776296e-02 5.091246653522268844e+02
nan nan
nan nan
nan nan
nan nan
nan nan
nan nan
nan nan
nan nan
nan nan
nan nan
nan nan
nan nan
1.007169278622702460e-02 7.686463029330670854e-04
nan nan
nan nan
nan nan
nan nan
1.685892303493940949e-03 1.058171793310055432e-02
4.392200387018968706e-04 8.987574446046386889e-01
nan nan
nan nan
nan nan
1.425600827647339130e-04 2.135572894079230721e+01
nan nan
nan nan
nan nan
nan nan
nan nan
nan nan
nan nan
nan nan
3.998474157399324602e-03 1.481411099684064314e-02
nan nan
nan nan
nan nan
7.243222070369760915e-03 3.440163263364251402e-03
nan nan
nan nan
nan nan
nan nan
nan nan
nan nan
nan nan
nan nan
2.936317530221757913e-02 8.686854768531824048e-03
nan nan
nan nan
nan nan
nan nan
nan nan
nan nan
nan nan
nan nan
8.302677628570556342e-03 8.146695795884998769e-04
nan nan
nan nan
3.620761464026385143e-03 4.336630131591014516e-04
5.540718701502371848e-04 6.260235016754395199e-02
nan nan
nan nan
nan nan
1.232029014739193743e-03 9.490723815138307068e-03
1.115415800163600335e-03 1.412183740485670885e-02
nan nan
nan nan
nan nan
nan nan
8.363545175002669047e-04 2.760686455184824251e-01
nan nan
nan nan
nan nan
nan nan
6.778499893512697537e-04 9.361358967996055019e-03
nan nan
nan nan
nan nan
2.244104031198087060e-02 3.928560927457832100e-03
nan nan
nan nan
nan nan
3.884742710848895862e-03 1.147691073243602101e-03
nan nan
nan nan
nan nan
nan nan
nan nan
nan nan
nan nan
1.273499756156793253e-04 7.467012584700013349e+02
2.090969850098222532e-02 1.230950466425105409e-02
nan nan
1.305001654193135852e-02 nan
nan nan
nan nan
nan nan
nan nan
nan nan
nan nan
nan nan
nan nan
nan nan
nan nan
1.183047991151341425e-04 1.346254423688504787e+01
nan nan
nan nan
nan nan
nan nan
nan nan
nan nan
nan nan
1.598160756853546360e-02 1.325881577331251924e-03
nan nan
2.102175219737674461e-02 4.043437660342959553e-03
nan nan
nan nan
8.843104060467697758e-03 4.327722420227391939e-03
nan nan
9.268249513401374470e-04 1.769852245217679032e-02
nan nan
nan nan
nan nan
nan nan
3.802919653669891418e-04 9.961349093097983110e-01
nan nan
nan nan
nan nan
3.661150256381653489e-03 4.539834666117190803e-02
nan nan
nan nan
nan nan
nan nan
3.471641772023643501e-03 2.089180441349831245e-04
3.840475062106297197e-04 5.210718572752305322e-01
nan nan
nan nan
nan nan
nan nan
4.428041410707386793e-04 1.369566290871269687e-01
1.846654905242226669e-02 nan
nan nan
nan nan
1.440104982500831424e-02 nan
nan nan
nan nan
6.622226028049689895e-04 7.165611950500408965e-03
nan nan
nan nan
nan nan
nan nan
nan nan
4.875593174740242139e-04 1.819933652306960914e-01
nan nan
nan nan
2.127592972286339312e-03 8.359172884306763016e-03
nan nan
1.088410899698289379e-02 nan
nan nan
nan nan
2.413420072706078025e-03 1.094894272726608777e-03
nan nan
1.039195144975410719e-03 nan
1.098100697546158105e-02 8.996266013106126802e-04
4.276901841835889680e-03 2.536680956948694256e-04
nan nan
nan nan
nan nan
nan nan
nan nan
4.052626874757704785e-03 5.245050894497698367e-04
nan nan
1.016547678120918599e-03 nan
1.165826489035890097e-02 nan
nan nan
nan nan
8.245845885303866585e-03 1.126882378970537300e-03
1.549838365919493401e-02 6.350025029713160345e-03
nan nan
nan nan
nan nan
3.453086218722267037e-03 7.386440502056447607e-04
nan nan
3.048022817679312685e-02 6.685261876031259320e-03
nan nan
nan nan
6.011897925162289213e-03 4.022309992908301539e-04
nan nan
nan nan
nan nan
nan nan
nan nan
6.547622555395900615e-04 2.094606354013212046e-02
nan nan
1.399537551259533857e-03 1.535033235834247847e-03
nan nan
nan nan
nan nan
nan nan
nan nan
nan nan
nan nan
nan nan
nan nan
3.309168107861064616e-03 5.217786217550255887e-03
nan nan
1.002780095939112765e-03 2.061315215667212930e-02
1.850513951600997464e-02 1.764937120794237953e-03
nan nan
nan nan
nan nan
5.141965334446965859e-04 7.294361008544172388e-03
3.976365297011924538e-03 4.146521536407334909e-04
nan nan
nan nan
nan nan
nan nan
nan nan
nan nan
nan nan
nan nan
1.602462021802015732e-02 1.675948793246593866e-03
nan nan
nan nan
nan nan
nan nan
nan nan
nan nan
nan nan
nan nan
nan nan
nan nan
7.738735431706100613e-04 1.102401311507090337e-02
1.470446688871805989e-03 5.617566475409412410e-03
nan nan
nan nan
nan nan
nan nan
9.242589560712326669e-04 2.457545959172902431e-02
nan nan
1.750815286677478641e-02 7.382907378543685298e-03
nan nan
nan nan
nan nan
nan nan
1.516554767552213447e-03 nan
nan nan
4.929089006533798022e-04 2.059519526435149017e-01
nan nan
nan nan
nan nan
nan nan
nan nan
nan nan
nan nan
nan nan
nan nan
nan nan
nan nan
1.766871403636314369e-02 7.705039014296255484e-03
nan nan
nan nan
1.140312287569399379e-03 2.478727700504362863e-02
1.208753986271692482e-04 1.161655444652868852e+01
nan nan
nan nan
2.098214878724780595e-03 4.380121913297849515e-03
nan nan
3.784913558960335909e-03 3.659933060967537964e-04
nan nan
nan nan
nan nan
2.137748982544754317e-02 3.756723685469969421e-03
nan nan
nan nan
nan nan
nan nan
nan nan
nan nan
nan nan
nan nan
nan nan
2.192410258082583621e-02 1.491057792444205540e-02
nan nan
nan nan
nan nan
nan nan
4.205880223659249815e-04 2.748920172611876711e-01
nan nan
nan nan
nan nan
1.065104434812124117e-03 8.741011566303273292e-03
nan nan
1.350982962638254403e-02 1.987149261807754849e-03
nan nan
nan nan
nan nan
nan nan
nan nan
nan nan
nan nan
nan nan
nan nan
1.869912503370652068e-02 1.496818452620265073e-03
nan nan
nan nan
nan nan
1.266812666467333551e-03 7.359246968074075607e-03
nan nan
1.455583034038773413e-03 4.727843653453030204e-03
nan nan
nan nan
nan nan
nan nan
nan nan
nan nan
nan nan
nan nan
nan nan
nan nan
nan nan
nan nan
nan nan
nan nan
nan nan
nan nan
nan nan
nan nan
nan nan
nan nan
nan nan
nan nan
nan nan
nan nan
1.792674576995534688e-02 2.221960310560906673e-03
nan nan
nan nan
nan nan
nan nan
nan nan
nan nan
nan nan
nan nan
1.037130242073811990e-03 1.869159077786096759e-02
5.853593052601106447e-03 3.939544605774019173e-04
nan nan
nan nan
nan nan
nan nan
nan nan
nan nan
8.097806619043414547e-03 2.297046862326206605e-03
nan nan
nan nan
nan nan
nan nan
nan nan
nan nan
nan nan
1.965522140561404025e-03 1.549975142202448739e-02
nan nan
nan nan
nan nan
nan nan
nan nan
nan nan
nan nan
nan nan
nan nan
1.218236113274336237e-02 9.709343034955646157e-02
nan nan
nan nan
nan nan
1.931193697006086327e-02 2.933196686180114792e-03
nan nan
nan nan
nan nan
nan nan
nan nan
6.454213948802856038e-03 nan
nan nan
nan nan
nan nan
nan nan
nan nan
nan nan
nan nan
9.161223563428473604e-03 3.096915428595723579e-02
4.566592177765857984e-03 5.911831250342100986e-04
3.100313729332030907e-03 nan
nan nan
1.507410652700564083e-02 9.119938729484834694e-03
1.473302162852412663e-03 6.896409266219741610e-03
nan nan
8.737561663530648420e-03 1.230941083268849217e-03
nan nan
nan nan
nan nan
nan nan
nan nan
nan nan
nan nan
8.127999092135844428e-03 6.164889242600528211e-04
nan nan
8.763690053969477520e-04 3.752257853431573836e-02
nan nan
nan nan
nan nan
nan nan
nan nan
nan nan
8.805603429798773349e-03 1.391508514877029751e-03
nan nan
nan nan
2.998179957391312878e-02 9.015748453860779332e-03
nan nan
nan nan
nan nan
1.261143959865941881e-03 8.473874103997396795e-03
nan nan
nan nan
1.904538234247155201e-03 1.209658269614795074e-03
nan nan
nan nan
2.353351135820557979e-03 6.687146967683186552e-04
1.007545802539586534e-03 3.210096362272341769e-02
nan nan
2.082561226230821591e-04 7.527359275770935483e+02
nan nan
1.735116047114274723e-02 6.181208777014433366e-03
nan nan
nan nan
9.032853430659943230e-04 2.604637870961150695e-02
nan nan
9.547231183683280381e-04 nan
nan nan
nan nan
nan nan
nan nan
nan nan
nan nan
nan nan
nan nan
2.207742004608314983e-03 1.921059832331929035e-02
nan nan
nan nan
nan nan
1.050992949050552280e-02 3.991576611352674608e-01
3.890159134487742795e-03 8.862468930749316460e-04
6.260102334250391498e-04 2.230936424824054021e-01
nan nan
2.368444559501587179e-02 nan
nan nan
nan nan
nan nan
nan nan
2.681833589365897191e-02 3.914860209359547968e-03
nan nan
nan nan
1.551737321203959866e-02 1.735698301706870570e-03
nan nan
nan nan
nan nan
1.362081652201241160e-03 4.041890372217965891e-03
2.988354480349414573e-04 8.337850735007727998e-01
nan nan
nan nan
2.015443853526138664e-03 3.095692037471563761e-03
nan nan
nan nan
nan nan
2.049393828083774559e-05 1.035848430833468825e+02
nan nan
nan nan
3.654758805348400953e-03 nan
2.616856579817062288e-03 nan
nan nan
nan nan
nan nan
nan nan
nan nan
nan nan
nan nan
nan nan
nan nan
nan nan
nan nan
nan nan
nan nan
nan nan
nan nan
1.294600535199255144e-02 1.161625853876473548e-03
nan nan
nan nan
nan nan
1.938736382360223710e-03 8.826079157226026598e-04
nan nan
nan nan
nan nan
nan nan
nan nan
nan nan
nan nan
nan nan
nan nan
nan nan
3.621231779010396917e-03 3.706273136677256698e-03
2.785022856248485501e-02 3.969479993991759277e-03
nan nan
8.120923683617903331e-04 2.968416123056271880e-02
nan nan
nan nan
3.897164505109536325e-02 nan
nan nan
nan nan
nan nan
nan nan
9.374353512365087623e-04 2.353270180607710052e-02
4.098382229826035179e-03 1.154708591769496853e-03
nan nan
1.795329798001976153e-03 3.301920883717890387e-03
nan nan
nan nan
nan nan
nan nan
nan nan
nan nan
nan nan
3.867839063830036828e-03 3.786743719513708129e-04
1.679026203909605042e-03 4.974084449842743928e-03
nan nan
nan nan
nan nan
nan nan
nan nan
nan nan
nan nan
nan nan
nan nan
nan nan
8.713383932891678729e-04 1.950806641744055533e-02
nan nan
nan nan
nan nan
2.206443649405058147e-03 1.124953320190617877e-03
nan nan
nan nan
nan nan
nan nan
nan nan
nan nan
nan nan
nan nan
nan nan
nan nan
6.842602374961481932e-04 7.756980034206611627e-03
nan nan
nan nan
2.726860658405634054e-03 2.369159824841538409e-03
nan nan
8.840331879768393870e-04 4.208638877070164548e-03
nan nan
nan nan
nan nan
nan nan
nan nan
1.142195337286429184e-02 3.675597001139232871e-03
nan nan
nan nan
5.560355425520257383e-03 nan
nan nan
nan nan
nan nan
nan nan
nan nan
nan nan
nan nan
nan nan
7.548448522082077360e-03 7.152494869430914759e-04
nan nan
nan nan
nan nan
nan nan
1.023290049272169294e-03 1.769343167679772108e-02
nan nan
3.068497249473576063e-02 nan
nan nan
nan nan
nan nan
nan nan
nan nan
nan nan
nan nan
nan nan
nan nan
nan nan
nan nan
nan nan
nan nan
nan nan
nan nan
1.746543126311163319e-02 3.923669611674561117e-03
nan nan
nan nan
3.614152310607375573e-03 1.609362688378081349e-03
2.413025795927740448e-03 2.198149727687627453e-02
nan nan
nan nan
nan nan
nan nan
2.614440579662098696e-02 2.594520571455483961e-03
nan nan
nan nan
nan nan
nan nan
nan nan
nan nan
nan nan
nan nan
nan nan
nan nan
nan nan
nan nan
nan nan
nan nan
nan nan
nan nan
nan nan
nan nan
5.790339359934814625e-04 3.838788100068623588e-01
nan nan
nan nan
8.153381414098296795e-04 2.676607867701424545e-02
nan nan
nan nan
nan nan
3.601514321568296834e-03 8.889019053556713925e-04
nan nan
nan nan
nan nan
nan nan
2.410538351940238327e-02 nan
3.997711584860077182e-03 4.931345034034894650e-04
nan nan
nan nan
nan nan
nan nan
nan nan
nan nan
1.172744427485683527e-02 1.410143144344500315e-03
nan nan
nan nan
nan nan
nan nan
nan nan
nan nan
